id	label	x	y	cluster	weight<Links>	weight<Total link strength>	weight	score<Avg. pub. year>
1	structural break	0.2547	0.0717	9	438	2925	1545	2017.73
2	markov switching	-0.237	0.0317	3	392	1784	1021	2018.21
3	regime switching	-0.7511	0.0886	7	345	1374	935	2018.16
4	cointegration	0.6219	0.0159	1	222	827	333	2017.42
5	economic growth	1.1401	-0.0452	1	173	714	319	2019.22
6	volatility	-0.1696	-0.3277	2	222	723	290	2018.93
7	exchange rate	0.4852	-0.1982	1	192	616	258	2018.69
8	garch	-0.3458	-0.2964	2	189	597	252	2018.39
9	inflation	0.3925	0.1986	3	191	576	248	2018.79
10	monetary policy	0.1266	0.4973	3	173	554	244	2017.76
11	covid-19	0.0137	-0.3794	2	178	445	212	2022.55
12	stock market	-0.0536	-0.4223	2	175	445	197	2018.36
13	business cycle	-0.1763	0.423	3	145	349	196	2017.2
14	financial crisis	-0.0816	-0.2071	2	160	360	190	2017
15	oil price	0.4155	-0.3127	2	147	402	189	2018.93
16	unit root	0.5775	0.1869	9	129	422	180	2016.07
17	change point	-0.6423	0.051	6	103	192	174	2020.22
18	forecasting	-0.3697	0.1481	3	149	382	165	2018.44
19	financial development	1.4128	-0.1035	1	109	376	149	2020.05
20	ardl	1.0423	-0.1434	1	125	297	113	2020.55
21	long memory	-0.6417	-0.1925	2	98	262	113	2017.28
22	cryptocurrency	-0.3935	-0.3631	2	109	264	107	2022.52
23	stochastic volatility	-1.0503	0.2809	7	101	249	103	2018.43
24	nonlinearity	0.3545	0.1842	4	108	231	102	2017.89
25	china	0.8897	-0.1154	1	109	239	100	2018.99
26	stock return	0.0937	-0.422	8	104	217	94	2018.86
27	asymmetry	0.3509	0.114	9	97	232	93	2019.22
28	bitcoin	-0.4989	-0.4248	2	95	225	90	2021.8
29	c22	0.0704	0.2162	5	138	327	86	2019.31
30	option pricing	-1.3761	0.229	7	42	144	86	2017.71
31	time series	-0.4412	0.1109	6	89	170	85	2018.85
32	causality	0.7675	-0.2461	1	108	247	84	2019.27
33	market efficiency	-0.273	-0.1124	9	80	165	80	2018.55
34	india	0.7926	0.022	1	102	206	78	2020.17
35	energy consumption	1.319	-0.1322	1	77	204	77	2019.14
36	interest rate	0.2225	0.0923	8	92	160	77	2018.35
37	fiscal policy	0.5185	0.4152	3	76	154	73	2018.84
38	granger causality	0.6522	-0.1498	1	87	182	73	2017.63
39	ppp	0.7153	0.5166	9	45	143	73	2015.12
40	c32	0.0443	0.1773	5	139	296	72	2020.86
41	volatility forecasting	-0.7631	-0.2882	2	62	144	72	2020.03
42	contagion	-0.1192	-0.2396	2	74	152	70	2017.34
43	hidden markov model	-0.7871	0.0605	7	73	133	70	2019.61
44	real exchange rate	0.809	0.3472	9	56	140	66	2016.15
45	realized volatility	-0.6694	-0.128	2	67	143	66	2018.74
46	co2 emissions	1.4891	-0.1345	1	54	153	62	2019.52
47	emerging markets	-0.16	-0.0225	4	86	127	62	2017.77
48	policy uncertainty	-0.1047	-0.5264	2	77	119	62	2021.73
49	crude oil	0.0281	-0.5602	6	71	138	60	2019.65
50	concept drift	-1.0049	-0.1814	6	22	38	59	2020.14
51	stock price	0.2029	-0.0797	8	76	143	59	2018.49
52	financial market	-0.3559	-0.0861	6	78	125	58	2019.48
53	regime shift	-0.3379	0.0386	4	63	100	58	2016.4
54	turkey	0.8467	-0.0178	1	83	155	58	2018.28
55	time series analysis	-0.2742	-0.0257	6	66	116	56	2020.84
56	volatility spillover	-0.2114	-0.6665	2	60	120	56	2018.52
57	quantile regression	-0.1389	-0.0978	4	85	144	55	2020.2
58	persistence	0.0749	0.2558	9	61	141	54	2017.52
59	uncertainty	-0.1455	0.1452	8	64	111	54	2020.04
60	crude oil price	0.2861	-0.2552	2	61	91	53	2018.64
61	gdp	1.1961	-0.1363	1	79	129	53	2019.94
62	unemployment	0.467	0.388	9	50	113	53	2018.7
63	copula	-0.5574	-0.5118	2	71	129	51	2018.57
64	machine learning	-0.648	-0.1183	6	64	100	51	2022.9
65	panel data	0.5351	0.0233	9	66	112	51	2019.41
66	fractional integration	0.031	0.1994	9	53	122	48	2017.96
67	markov chain	-0.9744	0.0767	7	34	65	48	2016.79
68	pakistan	0.9315	-0.1475	1	67	130	48	2020.48
69	g15	-0.1364	-0.2456	5	99	203	47	2021.7
70	portfolio optimization	-1.0052	-0.0617	7	50	88	47	2019.57
71	nardl	1.1824	-0.1574	1	60	131	46	2022.2
72	risk management	-0.6071	-0.3937	2	62	99	46	2018.37
73	gold	-0.26	-0.6186	2	70	138	45	2019.98
74	inflation targeting	0.3365	0.6635	3	43	90	45	2016.62
75	asset pricing	-0.6852	0.1969	3	52	89	43	2017.91
76	credit risk	-0.8162	-0.005	7	47	82	42	2018.71
77	cusum	0.3275	-0.1348	1	37	57	42	2017.98
78	g12	-0.4044	0.0756	5	83	156	42	2021.17
79	growth	1.0792	-0.0214	1	58	85	42	2017.29
80	taylor rule	-0.2127	0.7163	3	42	99	42	2016.55
81	value-at-risk	-0.7413	-0.5044	2	49	89	42	2019.17
82	var	0.1886	0.4236	5	64	103	41	2017.54
83	foreign direct investment	1.21	0.0752	1	44	85	40	2020.05
84	renewable energy	1.2036	-0.107	1	52	80	40	2021.35
85	kalman filter	-0.4079	0.5539	3	42	68	39	2017.79
86	bayesian inference	-0.4591	0.2504	3	51	87	38	2017.26
87	spillover	-0.1627	-0.4331	2	62	106	38	2020.08
88	g11	-0.1745	-0.2031	5	78	141	37	2021.24
89	macroeconomic variables	-0.2245	-0.1604	8	55	79	37	2017.78
90	money demand	0.8097	0.0907	1	35	80	37	2018.03
91	vecm	0.6321	-0.0841	1	60	102	37	2020.05
92	e31	0.3253	0.4985	5	68	131	36	2018.86
93	nigeria	0.9591	0.1629	1	46	80	36	2020.11
94	commodity	-0.4529	-0.2956	4	57	86	35	2017.89
95	asset allocation	-0.7508	-0.0365	6	49	84	34	2016.91
96	f31	0.4597	0.2388	5	69	132	34	2019.91
97	fdi	1.417	-0.1356	1	48	81	34	2018.82
98	finance	-0.3088	0.0465	5	61	82	34	2021
99	financial time series	-0.6876	-0.0422	6	35	53	34	2019.41
100	neural network	-0.6991	-0.1883	6	57	92	34	2019.18
101	convergence	-0.1176	0.1695	7	33	51	33	2017.94
102	markov regime switching model	-0.0475	-0.4556	2	48	58	33	2019.3
103	model selection	-0.3483	0.3994	3	52	73	33	2018.85
104	time-varying parameters	-0.3265	0.4652	3	50	79	33	2018.52
105	bayesian estimation	-0.2201	0.461	3	52	73	32	2019.03
106	financial crises	-0.297	-0.0899	5	50	73	32	2017.75
107	icss	-0.4533	-0.8108	2	40	74	32	2016.97
108	investor sentiment	-0.1981	-0.3819	8	50	74	32	2019.38
109	liquidity	-0.4884	-0.1382	4	40	56	32	2017.56
110	mean reversion	-0.1218	0.2315	9	43	70	32	2016.25
111	ms-garch	-0.7487	-0.3014	6	46	72	32	2020.75
112	phillips curve	0.5169	0.5009	9	34	68	32	2017.56
113	spillover effect	-0.1979	-0.4293	2	47	71	32	2018.16
114	deep learning	-0.9226	-0.1633	6	35	66	31	2023.52
115	e52	0.0498	0.6571	5	66	142	31	2020.1
116	sustainability	0.368	0.1429	10	40	72	31	2019.03
117	commodity prices	0.3116	0.2478	9	41	64	30	2018.33
118	e32	-0.0544	0.539	5	52	105	30	2019.33
119	financial stress	0.2569	-0.4378	2	39	63	30	2020.53
120	south africa	0.3478	-0.0348	10	48	74	30	2019.47
121	stationarity	0.6588	0.4576	10	32	52	30	2019.1
122	value at risk	-0.8371	-0.2436	2	37	66	30	2016.17
123	vix	-0.4658	-0.3804	2	46	70	29	2020.21
124	clustering	-0.6352	-0.0527	6	42	58	28	2019.21
125	correlation	-0.4584	-0.0915	6	47	66	28	2018.39
126	investment	0.0251	-0.0321	9	46	62	28	2019
127	portfolio diversification	0.0464	-0.3914	4	38	64	28	2020.07
128	crisis	-0.0821	-0.0253	6	42	56	27	2018.41
129	hedging	-0.6491	-0.2272	7	42	62	27	2019.7
130	oil	-0.2191	-0.4929	2	47	69	27	2019.19
131	ardl model	1.1412	-0.0359	1	43	56	26	2020.69
132	financial contagion	-0.376	-0.5989	2	34	50	26	2017.19
133	financial integration	0.5382	0.0674	4	35	43	26	2017.35
134	markov chain monte carlo	-0.5564	0.2747	3	43	61	26	2016.35
135	oil price shocks	0.5458	-0.2819	8	37	53	26	2019.69
136	predictability	-0.2085	-0.2108	6	32	53	26	2017.58
137	term structure	-0.6126	0.3827	3	38	66	26	2016.23
138	bayesian analysis	-0.3714	0.3958	3	37	61	25	2018.04
139	bootstrap	0.1957	0.0254	1	33	45	25	2016.68
140	co-movement	-0.1448	-0.625	2	42	59	25	2019.28
141	malaysia	0.7201	-0.1734	1	42	57	25	2018.64
142	monte carlo simulation	-0.6237	0.0331	7	33	45	25	2018.08
143	quantitative easing	-0.0293	0.6086	3	27	43	25	2019.4
144	trade openness	1.6742	-0.1382	1	39	74	25	2020.24
145	c58	-0.3812	-0.2073	5	59	105	24	2021.62
146	error correction model	0.7505	0.013	1	26	40	24	2016.38
147	g10	-0.2666	-0.1521	5	61	106	24	2021.08
148	mcmc	-0.5008	0.8201	3	28	48	24	2016.83
149	multivariate garch	-0.3553	-0.197	2	32	49	24	2016.75
150	oil shocks	-0.1007	-0.2976	8	27	41	24	2017.42
151	random walk	-0.3869	0.4729	3	32	66	24	2016.62
152	regime change	0.0089	0.4774	3	23	26	24	2017.79
153	stock market volatility	-0.2722	-0.1865	8	33	46	24	2019.08
154	vector autoregression	-0.1904	0.416	3	39	56	24	2019.54
155	zero lower bound	0.0013	1.0126	3	16	34	24	2019.5
156	carbon emissions	1.708	-0.0954	1	31	59	23	2020.91
157	credit default swap	-0.6874	-0.3148	4	28	44	23	2015.83
158	e44	-0.0377	0.2465	5	73	118	23	2022.57
159	esscher transform	-1.4153	0.2731	7	13	34	23	2016.48
160	exchange rate volatility	0.523	-0.2568	10	30	44	23	2019.78
161	exports	0.9842	-0.09	1	37	59	23	2019.13
162	leverage effect	-0.6243	-0.1764	2	46	65	23	2018.09
163	lstm	-0.6879	-0.126	6	33	60	23	2024.13
164	model uncertainty	-0.6463	0.6225	3	31	50	23	2016.22
165	public debt	0.748	0.4533	10	25	53	23	2018.91
166	systemic risk	-0.2372	-0.183	8	46	61	23	2019.96
167	tourism	1.3277	0.0166	1	34	62	23	2020.65
168	brics	-0.1881	-0.5933	2	40	52	22	2021.64
169	egarch	0.0936	-0.3194	2	47	68	22	2018.77
170	em algorithm	-0.9215	0.1911	7	36	53	22	2019.09
171	energy	0.9224	-0.3509	1	40	64	22	2020.09
172	factor model	-0.6146	0.597	3	22	33	22	2020.14
173	filtering	-1.1163	0.2732	7	31	49	22	2016.91
174	financial stability	0.0857	-0.0776	5	32	48	22	2021.27
175	inflation uncertainty	0.2051	0.4377	3	28	48	22	2015.95
176	parameter instability	-0.6199	0.5163	3	26	39	22	2019.36
177	brazil	0.1481	0.4747	3	34	48	21	2018
178	commodity market	-0.3485	-0.4812	2	34	54	21	2021
179	dynamic conditional correlation	-0.5245	-0.3253	6	38	56	21	2016.9
180	geopolitical risk	0.1038	-0.5378	2	39	49	21	2023.81
181	house prices	0.104	0.1373	1	28	38	21	2018.33
182	inflation rate	0.2952	0.2098	9	32	38	21	2019.43
183	money supply	0.7232	0.0802	1	43	67	21	2019.71
184	natural resources	1.5045	-0.2008	1	22	40	21	2021.57
185	portfolio management	-0.6938	-0.3881	6	37	54	21	2019.86
186	risk premium	-0.3043	0.021	4	29	37	21	2016.05
187	saudi arabia	0.6402	-0.3466	2	36	52	21	2019.29
188	smooth transition	-0.3216	0.4389	3	30	46	21	2017.95
189	trend break	1.3145	0.335	4	14	35	21	2015.14
190	turning points	-0.6677	0.5623	3	30	48	21	2018.19
191	bayesian methods	-0.4887	0.5919	3	34	47	20	2018.35
192	dynamic factor model	-0.3041	0.6138	3	24	42	20	2018.9
193	environmental kuznets curve	1.6178	-0.0539	1	33	55	20	2019.45
194	f41	0.5664	0.4579	5	47	84	20	2020.35
195	fiscal sustainability	0.5299	0.5384	10	19	36	20	2017.8
196	g14	-0.2578	-0.346	5	44	71	20	2022.3
197	inflation persistence	0.2909	0.7568	3	28	49	20	2016.65
198	natural gas	-0.049	-0.5053	6	29	50	20	2018.75
199	nonlinear	-0.1095	0.101	3	35	51	20	2017.7
200	statistical process control	-0.7452	0.1266	4	8	10	20	2018.35
201	tail dependence	-0.6397	-0.5602	2	27	46	20	2017.65
202	threshold	-0.1604	-0.0424	4	34	41	20	2017.6
203	breakpoint	0.2611	0.035	8	35	38	19	2019.32
204	c51	0.0439	0.1525	5	52	76	19	2020.68
205	capm	-0.2571	-0.1409	10	26	37	19	2015.84
206	change point analysis	-0.4303	-0.2338	6	16	18	19	2020.21
207	chow test	1.6838	-0.6867	1	11	16	19	2017.53
208	conditional volatility	-0.3575	-0.204	2	26	41	19	2017.16
209	credit default swaps	-0.3944	-0.0335	4	20	35	19	2015.63
210	cross-sectional dependence	0.8905	0.4717	9	29	48	19	2015.84
211	current account	0.7603	0.2357	1	32	52	19	2016.58
212	diversification	-0.4584	-0.4312	2	37	54	19	2019.89
213	economic development	1.1598	0.0211	1	28	37	19	2020.32
214	euro area	0.0785	0.3459	3	32	40	19	2016.53
215	g01	-0.206	-0.1368	5	52	82	19	2023.05
216	globalization	0.8659	0.2675	1	33	45	19	2019.53
217	heteroskedasticity	-0.5658	0.6703	3	23	39	19	2017.53
218	hysteresis	-0.0021	0.5946	9	23	49	19	2018.16
219	implied volatility	-0.5481	-0.3872	2	37	49	19	2018.05
220	inflation expectations	0.293	0.4429	3	22	31	19	2021
221	panel cointegration	1.1795	0.1602	1	30	44	19	2016.79
222	regime changes	-0.3389	-0.2351	2	36	40	19	2018.74
223	reits	-0.258	-0.1884	4	35	40	19	2017.68
224	return predictability	-0.6605	0.3543	3	23	31	19	2019.37
225	risk	-0.0412	-0.3204	10	27	32	19	2017.16
226	svm	-0.5751	-0.3413	6	24	31	19	2018.53
227	breaks	0.099	-0.0768	4	39	48	18	2019.11
228	forecast	-0.2238	-0.314	6	35	48	18	2018.94
229	g17	-0.4469	-0.0017	5	46	68	18	2022.44
230	great moderation	0.4297	0.75	3	24	35	18	2017.72
231	jump-diffusion	-1.5509	0.1507	7	12	29	18	2019.22
232	principal component analysis	-0.1841	-0.2219	6	36	39	18	2020.11
233	real effective exchange rate	0.9129	0.1845	1	29	41	18	2020.33
234	state-space model	-0.1402	0.434	3	36	46	18	2018.61
235	stochastic interest rate	-1.4176	0.2103	7	15	34	18	2017.89
236	us	0.3861	-0.2737	8	43	50	18	2018.72
237	bayesian	-0.0272	0.17	4	25	34	17	2018.71
238	c13	-0.4691	0.3718	5	50	78	17	2018.12
239	c53	-0.2243	0.3945	5	47	76	17	2020.53
240	dcc-garch	-0.1454	-0.5746	2	33	40	17	2020.65
241	e58	0.1029	0.6376	5	51	88	17	2019.29
242	endogeneity	-0.3846	0.3205	4	24	34	17	2017.29
243	energy prices	0.1995	-0.75	2	20	27	17	2017.94
244	forecast combination	-0.6114	0.6711	3	23	33	17	2019.06
245	herding	-0.5271	-0.2285	6	24	35	17	2018.53
246	high-frequency data	-0.8155	-0.1001	4	32	47	17	2018.59
247	real interest rate	0.6925	0.3952	9	27	41	17	2017.41
248	real-time data	-0.4018	0.8344	3	24	36	17	2015.94
249	remittances	0.6187	-0.2462	10	23	31	17	2020.94
250	stock market returns	0.2854	-0.3574	4	29	36	17	2018.71
251	unconventional monetary policy	-0.1848	0.6318	3	21	26	17	2020.12
252	yield curve	-0.4626	0.4388	3	31	41	17	2018.29
253	asymmetric effect	0.2828	-0.3385	2	29	38	16	2020.31
254	australia	1.6295	-0.0551	1	21	28	16	2017.5
255	behavioral finance	-0.8733	-0.1042	6	25	34	16	2021.31
256	c11	-0.2927	0.5628	5	45	80	16	2018.5
257	c52	-0.0341	0.5103	5	57	86	16	2018.44
258	classification	-1.0386	-0.1637	6	12	20	16	2018.12
259	consumer price index	0.4669	-0.2038	1	31	38	16	2016.31
260	emerging economies	0.3781	0.3857	8	28	40	16	2020.38
261	equity premium	-0.73	0.552	3	19	29	16	2017.88
262	expected shortfall	-0.8821	-0.5973	2	23	38	16	2020.38
263	fourier function	1.292	0.2223	1	22	33	16	2017.25
264	hurst exponent	-1.332	-0.4656	7	16	24	16	2018.25
265	latin america	0.3864	0.2109	8	39	47	16	2018.75
266	ms-var	0.4702	-0.1634	1	31	36	16	2019.62
267	ms-var model	-0.1657	-0.5933	8	21	23	16	2018.81
268	price discovery	-0.0954	-0.3824	4	25	32	16	2019
269	safe haven	-0.1783	-0.6967	2	36	62	16	2021.31
270	seasonality	-0.4293	0.0521	6	35	44	16	2019
271	stability	0.5853	0.1521	1	23	36	16	2017.75
272	subprime crisis	-0.0767	-0.2831	8	26	35	16	2015.06
273	threshold cointegration	0.1633	-0.0934	4	23	32	16	2017
274	trade	1.3432	-0.2747	1	27	45	16	2018.88
275	urbanization	1.6036	-0.1892	1	30	53	16	2020.06
276	volatility clustering	-0.725	-0.2469	2	25	34	16	2018.94
277	africa	0.4578	-0.2986	9	25	35	15	2019.07
278	arima	-0.4104	0.2378	6	43	53	15	2021.67
279	asean	1.2579	-0.2673	1	27	39	15	2019.33
280	asymmetric effects	0.1336	-0.2401	8	31	42	15	2019.87
281	bounds test	1.1631	0.077	1	23	32	15	2017.53
282	capital flows	0.6434	0.3377	1	22	33	15	2017.67
283	central and eastern europe	0.3511	0.3319	4	23	38	15	2020.33
284	chinese stock market	-0.4215	-0.6561	8	23	28	15	2020.27
285	dynamic conditional correlations	0.2739	-0.5108	10	23	34	15	2017.2
286	dynamic programming	-1.569	0.1138	7	9	17	15	2018.67
287	emu	0.2582	0.0169	4	24	33	15	2014.07
288	exchange rate regime	0.1712	0.5128	5	18	25	15	2017.67
289	forecast evaluation	-0.4235	0.5353	3	31	39	15	2016.73
290	geopolitical risks	-0.334	-0.8106	2	21	28	15	2022.6
291	heterogeneity	-0.0667	0.4651	5	26	32	15	2017.4
292	human capital	1.5968	-0.1042	1	19	25	15	2020.6
293	markov-switching var	0.3152	0.3122	8	20	23	15	2018.93
294	mean-reversion	-0.6801	0.4005	9	18	26	15	2019.47
295	oil market	-0.4414	-0.9558	2	17	24	15	2019.93
296	outliers	-0.0055	-0.0429	4	30	48	15	2021.4
297	portfolio selection	-1.3662	-0.2131	7	10	20	15	2019
298	time-varying causality	0.4549	-0.0924	1	29	34	15	2020.13
299	usa	1.2945	-0.2193	1	24	34	15	2018.53
300	volatility persistence	-0.8534	-0.7991	2	15	35	15	2016.07
301	bai perron	0.533	-0.4589	4	9	13	14	2020
302	bangladesh	1.163	-0.1123	1	35	42	14	2019.57
303	bayesian model averaging	-0.5449	0.5504	3	25	33	14	2018.86
304	c12	-0.3734	0.0639	5	35	54	14	2018.93
305	commodity futures	-0.2178	-0.344	4	21	30	14	2017.5
306	electricity consumption	1.163	-0.027	1	23	33	14	2018.86
307	european union	0.3339	0.4877	8	15	20	14	2021.5
308	financial stress index	-0.2903	-0.2266	5	18	23	14	2021.36
309	gdp growth	1.096	0.1717	1	21	27	14	2019.5
310	gross domestic product	1.0852	-0.1219	1	26	33	14	2019.21
311	jump diffusion	-1.3162	0.1736	7	15	30	14	2018.71
312	jumps	-1.1704	-0.0816	7	23	33	14	2018.14
313	macroeconomics	0.4011	0.0374	1	28	29	14	2019.36
314	markov switching var	0.3885	0.2593	5	16	21	14	2019.14
315	maximum likelihood estimation	-0.9126	0.2616	7	22	30	14	2017.93
316	momentum	-0.8529	0.2538	7	17	22	14	2016.71
317	new keynesian model	0.0789	0.9953	3	17	26	14	2018.14
318	nonlinear models	-0.3588	0.5291	3	19	27	14	2017.93
319	nonlinear time series	-0.5168	0.3169	3	25	28	14	2017.64
320	oil price volatility	0.3289	-0.5749	8	20	24	14	2020.29
321	output growth	0.4704	0.7587	3	17	31	14	2016.86
322	precious metals	-0.1971	-0.8398	2	30	45	14	2021.21
323	reinforcement learning	-1.1474	-0.1844	6	13	19	14	2022.57
324	renewable energy consumption	1.4531	0.065	1	20	37	14	2022
325	simulation	-0.3488	0.1718	3	25	30	14	2017.21
326	state space model	-0.1664	0.0634	4	16	25	14	2016.07
327	stocks	-0.109	-0.6402	2	21	30	14	2019.43
328	term structure of interest rates	-0.7011	0.4841	5	22	32	14	2014.43
329	trade balance	1.0265	-0.1783	1	26	34	14	2019.86
330	wavelets	-0.9202	-0.3139	7	33	39	14	2018.14
331	agriculture	0.6237	-0.4053	4	23	27	13	2017.46
332	algorithmic trading	-1.0331	-0.3192	6	14	21	13	2022.54
333	bubble	-0.3082	0.1025	4	19	23	13	2018.46
334	connectedness	0.115	-0.2537	8	25	32	13	2022.38
335	copulas	-0.5905	0.0398	3	21	25	13	2017.15
336	currency crisis	0.0106	0.3717	5	24	32	13	2015.69
337	dynamic copula	-0.1144	-0.6135	2	16	25	13	2016.54
338	ekc	1.6066	-0.1391	1	24	38	13	2019
339	emerging market	0.0454	-0.77	4	22	27	13	2020.23
340	eurozone	0.4653	0.0449	8	25	32	13	2018.08
341	event study	0.2627	-0.5929	10	21	29	13	2020.54
342	financialization	-0.2014	-0.2543	4	21	24	13	2020.69
343	g13	-1.0421	0.0851	7	28	40	13	2019.38
344	great recession	-0.2484	0.5685	3	34	38	13	2017.69
345	half-life	0.8215	0.5129	9	23	40	13	2016.23
346	impulse responses	0.1259	0.2998	5	30	43	13	2017.23
347	indonesia	1.2822	-0.1312	1	27	30	13	2020.38
348	iran	1.0161	0.1706	1	17	21	13	2018.23
349	market risk	-0.5551	-0.3186	2	25	31	13	2018.38
350	optimal stopping	-0.9537	0.3188	7	12	16	13	2016.77
351	output gap	0.0716	0.2989	3	22	31	13	2018.62
352	pandemic	-0.1025	-0.8302	2	22	31	13	2022.46
353	q43	0.4271	-0.1762	5	37	48	13	2021
354	real gdp	0.9792	-0.0063	1	21	28	13	2015.85
355	real interest rate parity	0.8704	0.3842	4	18	31	13	2016.69
356	robustness	-0.5783	0.2706	3	27	35	13	2017.46
357	rolling window	-0.215	-0.4634	2	23	31	13	2019.77
358	russia	0.2674	-0.2622	10	24	35	13	2017.38
359	speculation	-0.162	-0.2543	4	17	23	13	2016.69
360	structural var	0.1694	-0.4145	8	16	21	13	2017.23
361	technological innovation	1.6543	-0.1107	1	21	30	13	2022.31
362	terms of trade	1.2569	0.267	1	22	37	13	2017.62
363	trading volume	-0.5826	-0.6994	8	20	28	13	2017.92
364	volatility modelling	-0.9383	0.7101	3	13	24	13	2018.77
365	volatility regimes	-0.1157	-0.5077	2	35	37	13	2017.38
366	calibration	-1.3656	0.1588	7	27	35	12	2018.83
367	cds	-0.5512	-0.3264	4	27	35	12	2017.08
368	climate change	0.9927	0.0678	1	21	25	12	2020.67
369	dependence	-0.6301	-0.7609	2	17	21	12	2018.17
370	dsge model	-0.2908	0.6652	3	21	30	12	2017.83
371	energy use	1.1022	-0.3208	1	19	33	12	2020.42
372	exchange rate pass-through	0.6318	0.8316	5	20	27	12	2018.67
373	factor models	-0.5489	0.4721	3	15	19	12	2019.67
374	figarch	-0.8691	-0.4149	2	19	29	12	2016.25
375	gold price	-0.0859	-0.6375	8	19	22	12	2017.92
376	heteroscedasticity	-0.3936	-0.134	4	20	27	12	2019.08
377	income inequality	1.4037	0.0577	1	17	24	12	2019.83
378	inflation dynamics	-0.0614	0.8487	5	16	23	12	2016.08
379	international trade	1.6752	0.0442	1	24	32	12	2017.42
380	japan	0.6017	-0.2104	4	19	26	12	2016.42
381	market integration	0.3795	-0.1954	9	25	31	12	2016.5
382	markov chain approximation	-1.544	0.0706	7	15	20	12	2020.5
383	markov switching regression	-0.3384	-0.2205	4	15	15	12	2019.58
384	msgarch	-0.3888	-0.5253	2	23	33	12	2022.33
385	nonlinear dynamics	-0.9018	0.0585	4	21	23	12	2019.75
386	parameter estimation	-1.2099	0.3436	7	13	22	12	2016.08
387	recession	-0.3394	0.2735	3	22	23	12	2016.58
388	regimes	-0.2953	-0.4878	6	25	32	12	2017.92
389	stock market integration	0.3236	-0.32	4	29	39	12	2016
390	sustainable development	1.3275	-0.0305	1	15	17	12	2022.42
391	tvp-var	-0.0057	-0.2195	5	27	36	12	2023.67
392	var model	0.5385	-0.0901	8	18	18	12	2018.25
393	variance decomposition	0.5864	-0.073	10	20	28	12	2016.5
394	vector error correction	0.4334	0.0794	5	23	36	12	2019.58
395	wavelet	0.0421	-0.5504	2	24	27	12	2018.92
396	anomaly detection	-0.9955	-0.0658	6	14	21	11	2022
397	ardl bounds test	1.2137	-0.0082	1	14	23	11	2018.36
398	artificial intelligence	-0.4069	-0.8788	2	17	22	11	2023.64
399	bayesian econometrics	0.3733	0.1297	2	16	24	11	2017
400	binary segmentation	-0.3228	0.1021	6	10	13	11	2019.55
401	c5	0.0282	0.0182	7	29	37	11	2017.82
402	capital mobility	0.5836	0.2278	9	19	29	11	2017
403	carbon dioxide emissions	1.3892	-0.0568	1	21	26	11	2021
404	carbon neutrality	1.7777	-0.1775	1	15	23	11	2022.36
405	comovement	0.5522	0.078	8	22	26	11	2017.91
406	conditional heteroskedasticity	-0.6945	0.7232	3	23	28	11	2017.55
407	consumption	-0.1431	0.2777	7	12	13	11	2019.36
408	debt	-0.0456	-0.0073	4	13	18	11	2019.55
409	dynamic correlations	-0.3958	-0.5507	2	20	26	11	2016.73
410	e37	-0.1132	0.7237	5	26	42	11	2020.18
411	economic crisis	0.5678	0.1533	10	13	14	11	2019
412	economics	0.1011	0.0845	5	36	47	11	2023.82
413	efficiency	-0.3866	-0.7563	2	12	15	11	2016.09
414	ekc hypothesis	1.7303	-0.0464	1	22	38	11	2021.09
415	endogenous structural breaks	1.2657	-0.0793	1	20	24	11	2015.27
416	environment	1.446	-0.0416	1	15	18	11	2020
417	equity markets	-0.2049	0.0089	8	26	32	11	2018.09
418	expectations	0.1621	1.0006	3	15	22	11	2018.45
419	foreign exchange	-0.4073	0.1951	5	23	26	11	2017.18
420	fractional cointegration	-0.1666	0.0768	8	18	24	11	2018.64
421	g1	-0.4859	0.1285	7	28	38	11	2016.45
422	g21	0.4047	-0.1054	1	32	39	11	2023.09
423	ghana	1.2522	0.1274	1	21	29	11	2018.36
424	gibbs sampling	-0.4074	0.9058	3	24	33	11	2017.09
425	gmm	1.0926	0.6925	10	12	16	11	2018.82
426	hidden markov chain	-1.0192	0.5106	9	13	14	11	2017.91
427	housing prices	0.4722	-0.0616	8	21	25	11	2021.27
428	liquidity risk	-0.6918	0.1118	7	14	19	11	2015.91
429	macroeconomic factors	-0.1635	-0.404	4	19	23	11	2020.09
430	macroeconomic forecasting	-0.5154	0.6564	3	18	24	11	2016.45
431	macroeconomic indicators	0.0487	-0.1011	7	18	22	11	2022
432	market microstructure	-1.0668	0.0284	4	15	19	11	2018.18
433	markov model	-0.6536	-0.5183	6	15	16	11	2019.36
434	markov-switching regression	0.421	-0.1566	8	14	14	11	2021.18
435	mexico	0.1927	0.6839	3	21	28	11	2016.82
436	nonstationarity	-0.1044	0.1232	9	19	31	11	2019.55
437	particle filter	-0.7692	0.7575	3	14	21	11	2018.18
438	portfolio choice	-0.6761	-0.0399	6	20	22	11	2017.73
439	predictive models	-0.6882	-0.263	6	23	42	11	2022.73
440	stochastic control	-1.5629	0.0238	7	9	19	11	2017.36
441	taiwan	0.2903	-0.3658	4	21	27	11	2014.64
442	time series forecasting	-0.9092	-0.2111	6	12	13	11	2021.73
443	volatility transmission	0.171	-1.0576	10	11	22	11	2017.55
444	american option	-1.6909	0.2476	7	7	10	10	2021
445	asia	0.2406	0.1444	8	22	24	10	2018.8
446	asymmetric	0.0812	-0.8245	2	26	31	10	2021.2
447	bear market	-0.5926	-0.4376	8	17	23	10	2020.9
448	change-point analysis	-0.6513	0.147	6	8	9	10	2019.8
449	climate policy uncertainty	0.2316	-0.4044	8	11	13	10	2024.3
450	cluster analysis	-0.7929	0.1155	6	11	13	10	2018.9
451	credit spread	-0.6863	-0.2042	4	24	30	10	2016.5
452	crude oil market	-0.9147	-0.7772	2	12	15	10	2019.8
453	cryptocurrency market	-0.7137	-0.4109	2	13	16	10	2022.4
454	dependence structure	-0.2772	-0.7822	2	15	17	10	2020.1
455	downside risk	-0.5178	-0.5035	2	18	20	10	2021.5
456	dsge models	-0.3133	0.714	3	21	26	10	2015.3
457	e43	-0.6559	0.2884	5	30	40	10	2018.3
458	early warning system	-0.4473	-0.2387	5	15	21	10	2018.1
459	economic uncertainty	0.4575	-0.4002	2	21	25	10	2022.3
460	education	1.4932	-0.096	1	16	22	10	2019.1
461	energy intensity	1.1505	-0.1762	1	20	23	10	2019.7
462	environmental sustainability	1.4754	0.0466	1	15	21	10	2022.7
463	estimation	-0.6619	0.3482	5	16	21	10	2017.9
464	ethiopia	0.6578	0.054	1	18	19	10	2019.6
465	european integration	0.4193	0.2558	4	11	28	10	2020.9
466	external debt	1.1021	0.1908	1	22	29	10	2021
467	extreme value theory	-0.3133	-0.0636	2	15	18	10	2016.7
468	f21	0.8734	0.3626	5	25	39	10	2019.8
469	f32	0.7166	0.4739	5	28	43	10	2018.6
470	financial performance	-0.1273	-0.098	4	13	15	10	2019.8
471	financial risk	0.0846	-0.282	10	8	8	10	2018.9
472	forecast combinations	-0.7867	0.6135	3	14	20	10	2020.2
473	fundamentals	-0.4552	0.0899	4	15	19	10	2015.6
474	gold prices	0.4695	-0.7051	2	23	27	10	2019.3
475	hedge	-0.0754	-0.6786	2	20	37	10	2020.6
476	hedge funds	-0.6127	-0.2759	6	12	16	10	2016.4
477	hedging effectiveness	-0.208	-0.8659	2	14	15	10	2021.2
478	heston model	-1.5728	0.2112	7	14	25	10	2019.1
479	housing market	-0.1039	0.2034	8	20	22	10	2020.2
480	industrial production	0.6171	0.0749	8	20	23	10	2016.6
481	inflation forecasting	-0.4322	0.4578	3	16	16	10	2020.6
482	lasso	-0.5439	0.4858	3	13	21	10	2020.5
483	learning	-0.5591	0.6367	3	11	14	10	2015.9
484	levy process	-1.0534	0.2275	7	12	24	10	2013.8
485	market regimes	-0.4523	-0.2767	4	17	20	10	2019
486	markov process	-0.7092	0.2654	7	16	19	10	2016.8
487	model averaging	-0.6493	0.8583	3	11	18	10	2020.3
488	money	1.3544	0.0709	1	13	13	10	2016
489	nowcasting	-0.3941	0.7963	3	19	27	10	2018.4
490	options	-0.5782	-0.5013	2	15	18	10	2019
491	out-of-sample forecasts	-0.3678	0.7355	3	9	15	10	2019.8
492	panel data analysis	0.6659	0.143	6	14	18	10	2021
493	panel unit root test	0.7329	0.666	9	16	20	10	2014
494	q41	0.0286	0.0425	5	34	41	10	2022.9
495	real estate	-0.0335	-0.3855	4	23	25	10	2019.5
496	sovereign risk	-0.2949	-0.1615	4	14	19	10	2018.3
497	speculative bubbles	0.2098	-0.3452	2	18	20	10	2017.7
498	stock return volatility	-0.7389	-0.7293	2	15	18	10	2017.3
499	structural break test	0.7442	0.3813	10	14	15	10	2018
500	sub-saharan africa	1.7063	0.0224	1	12	17	10	2020.1
501	thailand	0.9676	-0.3043	1	17	29	10	2015.1
502	threshold regression	0.5645	0.3285	10	19	24	10	2019.6
503	threshold var	-0.0374	0.1267	5	19	20	10	2019.7
504	time series segmentation	-0.8787	0.0214	6	6	8	10	2017.5
505	time-varying transition probabilities	-0.8635	0.184	6	16	23	10	2019.5
506	united states	0.3119	-0.0235	1	21	22	10	2019.8
507	utility maximization	-1.7509	0.0709	7	8	15	10	2016.2
508	variance swaps	-1.5319	0.1634	7	12	22	10	2020.5
509	vector autoregressions	-0.6292	0.3998	4	14	17	10	2018.1
510	vine copula	-0.6018	-0.6596	2	17	19	10	2018.9
