1	2	22
1	3	14
1	4	155
1	5	68
1	6	67
1	7	52
1	8	56
1	9	61
1	10	42
1	11	28
1	12	42
1	13	14
1	14	38
1	15	37
1	16	110
1	17	7
1	18	32
1	19	21
1	20	23
1	21	55
1	22	18
1	23	11
1	24	31
1	25	18
1	26	14
1	27	31
1	28	12
1	29	22
1	31	11
1	32	29
1	33	25
1	34	16
1	35	18
1	36	12
1	37	12
1	38	17
1	39	31
1	40	11
1	41	19
1	42	9
1	44	31
1	45	16
1	46	3
1	47	7
1	48	4
1	49	20
1	51	16
1	52	10
1	53	5
1	54	15
1	55	9
1	56	19
1	57	15
1	58	25
1	59	9
1	60	12
1	61	6
1	62	10
1	63	5
1	64	3
1	65	20
1	66	21
1	68	3
1	69	6
1	70	3
1	71	7
1	72	5
1	73	7
1	74	10
1	75	5
1	76	4
1	77	10
1	78	4
1	79	11
1	80	6
1	81	6
1	82	9
1	83	2
1	84	7
1	85	11
1	86	5
1	87	7
1	88	3
1	89	6
1	90	13
1	91	6
1	92	5
1	93	10
1	94	5
1	95	2
1	96	3
1	97	5
1	98	6
1	99	3
1	100	4
1	101	10
1	102	1
1	103	10
1	104	8
1	105	2
1	106	2
1	107	11
1	108	5
1	109	2
1	110	6
1	111	1
1	112	9
1	113	3
1	114	1
1	115	5
1	116	8
1	117	12
1	118	5
1	119	1
1	120	8
1	121	8
1	122	2
1	123	1
1	124	1
1	125	5
1	126	4
1	127	7
1	128	5
1	129	4
1	130	5
1	131	4
1	132	3
1	133	1
1	134	2
1	135	3
1	136	4
1	137	4
1	138	8
1	139	5
1	140	5
1	141	3
1	142	4
1	143	7
1	144	2
1	145	5
1	146	1
1	147	4
1	148	4
1	149	4
1	150	4
1	151	10
1	152	1
1	153	2
1	154	1
1	155	1
1	156	4
1	157	2
1	158	3
1	160	7
1	161	7
1	162	3
1	163	1
1	164	3
1	165	8
1	166	2
1	167	9
1	168	3
1	169	5
1	172	5
1	173	1
1	174	3
1	175	4
1	176	4
1	177	4
1	178	2
1	179	6
1	180	2
1	181	2
1	182	5
1	183	5
1	185	3
1	186	3
1	187	3
1	188	3
1	189	12
1	190	1
1	191	1
1	192	4
1	193	4
1	194	6
1	195	9
1	196	1
1	197	10
1	198	5
1	199	3
1	200	1
1	201	2
1	202	1
1	203	3
1	204	1
1	205	3
1	207	4
1	208	3
1	209	4
1	210	12
1	211	7
1	212	4
1	213	5
1	214	3
1	215	4
1	216	2
1	217	2
1	218	10
1	220	2
1	221	6
1	222	1
1	223	1
1	224	2
1	225	2
1	226	2
1	227	1
1	228	3
1	230	5
1	232	1
1	233	7
1	234	4
1	236	2
1	237	4
1	238	4
1	239	3
1	240	1
1	241	3
1	242	4
1	243	5
1	244	2
1	246	5
1	247	5
1	248	3
1	249	2
1	250	3
1	251	1
1	252	2
1	253	1
1	254	3
1	255	2
1	256	5
1	257	4
1	259	2
1	260	7
1	261	4
1	262	2
1	263	6
1	264	3
1	265	4
1	266	1
1	268	3
1	269	1
1	270	5
1	271	1
1	272	6
1	273	6
1	274	5
1	275	2
1	276	2
1	277	7
1	278	5
1	280	1
1	281	4
1	282	4
1	283	9
1	285	3
1	287	5
1	288	5
1	289	4
1	291	3
1	292	2
1	294	4
1	295	4
1	296	8
1	298	1
1	299	3
1	300	9
1	301	5
1	302	3
1	303	2
1	304	5
1	306	3
1	307	3
1	309	3
1	310	3
1	312	3
1	313	2
1	315	1
1	316	2
1	317	1
1	318	2
1	319	1
1	320	2
1	321	1
1	322	3
1	324	3
1	325	3
1	326	5
1	327	5
1	328	2
1	329	1
1	330	2
1	331	2
1	332	1
1	333	2
1	334	2
1	335	2
1	336	1
1	338	2
1	339	3
1	340	6
1	341	4
1	342	1
1	343	1
1	344	2
1	345	9
1	346	3
1	347	2
1	348	1
1	349	1
1	351	4
1	352	4
1	353	2
1	354	6
1	355	8
1	356	4
1	357	6
1	358	6
1	359	2
1	360	1
1	361	3
1	362	7
1	363	2
1	364	4
1	365	1
1	366	1
1	368	3
1	370	2
1	371	1
1	372	4
1	373	4
1	374	6
1	375	1
1	376	3
1	377	4
1	378	5
1	379	1
1	380	1
1	381	4
1	384	1
1	385	1
1	389	4
1	390	1
1	391	1
1	392	1
1	393	5
1	394	2
1	395	1
1	396	1
1	397	2
1	398	4
1	399	1
1	400	1
1	401	1
1	402	4
1	403	2
1	405	1
1	406	1
1	407	2
1	408	2
1	409	1
1	410	1
1	412	2
1	413	3
1	414	4
1	416	2
1	417	3
1	418	3
1	419	2
1	420	4
1	421	2
1	422	3
1	423	4
1	424	2
1	425	3
1	426	1
1	427	2
1	428	1
1	429	1
1	430	5
1	434	1
1	435	4
1	436	7
1	437	1
1	441	2
1	443	7
1	445	2
1	446	2
1	449	2
1	450	1
1	452	2
1	454	1
1	457	1
1	460	2
1	461	3
1	462	1
1	463	1
1	464	1
1	465	8
1	466	1
1	469	3
1	471	1
1	472	6
1	473	1
1	474	1
1	475	2
1	476	1
1	477	1
1	479	2
1	480	2
1	482	5
1	483	2
1	486	1
1	487	4
1	488	1
1	489	2
1	491	2
1	492	2
1	493	4
1	494	2
1	495	2
1	497	1
1	498	1
1	500	4
1	501	3
1	502	2
1	503	1
1	510	1
2	3	14
2	4	9
2	5	14
2	6	39
2	7	50
2	8	59
2	9	22
2	10	47
2	11	28
2	12	23
2	13	72
2	14	20
2	15	22
2	16	4
2	18	36
2	19	1
2	20	3
2	21	10
2	22	6
2	23	17
2	24	11
2	25	11
2	26	15
2	27	9
2	28	13
2	29	7
2	30	7
2	31	6
2	32	4
2	33	2
2	34	5
2	35	1
2	36	3
2	37	8
2	38	5
2	39	4
2	40	13
2	41	9
2	42	12
2	43	2
2	44	6
2	45	10
2	46	2
2	47	10
2	48	7
2	49	10
2	51	5
2	52	5
2	53	6
2	54	7
2	56	7
2	57	10
2	58	5
2	59	12
2	60	5
2	61	1
2	62	7
2	63	11
2	64	1
2	66	2
2	67	1
2	68	3
2	69	6
2	70	8
2	72	1
2	73	8
2	74	7
2	75	8
2	76	10
2	78	4
2	79	1
2	80	10
2	81	7
2	82	7
2	83	1
2	84	2
2	85	3
2	86	8
2	87	5
2	88	4
2	89	6
2	91	6
2	92	5
2	93	1
2	94	7
2	95	11
2	96	2
2	97	2
2	98	1
2	99	1
2	100	4
2	103	1
2	104	6
2	105	6
2	106	5
2	108	6
2	109	3
2	110	3
2	111	4
2	112	3
2	113	5
2	115	3
2	116	4
2	117	4
2	118	5
2	119	6
2	120	5
2	121	4
2	122	7
2	123	7
2	124	2
2	125	4
2	126	1
2	128	3
2	129	3
2	130	3
2	132	3
2	133	3
2	134	3
2	135	7
2	136	6
2	137	6
2	138	6
2	140	1
2	141	7
2	143	3
2	145	4
2	146	5
2	147	5
2	148	9
2	149	4
2	150	5
2	151	2
2	152	1
2	153	5
2	154	7
2	155	2
2	157	7
2	158	2
2	159	1
2	160	1
2	162	3
2	164	2
2	165	2
2	166	4
2	168	5
2	169	3
2	170	11
2	171	2
2	172	6
2	173	1
2	174	3
2	175	3
2	177	2
2	178	6
2	179	6
2	180	4
2	181	6
2	182	1
2	185	7
2	186	3
2	187	2
2	188	7
2	190	7
2	191	1
2	192	10
2	193	1
2	195	2
2	196	1
2	197	2
2	198	4
2	199	6
2	201	6
2	202	1
2	203	1
2	204	8
2	205	5
2	207	1
2	208	7
2	209	5
2	210	1
2	212	3
2	214	1
2	215	2
2	216	1
2	217	9
2	218	3
2	219	4
2	220	1
2	222	1
2	223	5
2	224	4
2	225	2
2	226	1
2	227	2
2	228	4
2	229	2
2	230	2
2	231	3
2	232	2
2	233	1
2	234	5
2	235	3
2	236	3
2	237	4
2	238	3
2	239	4
2	240	4
2	241	1
2	243	1
2	244	5
2	245	2
2	246	3
2	247	2
2	248	5
2	249	1
2	250	4
2	251	4
2	252	2
2	254	1
2	255	2
2	256	3
2	257	2
2	258	1
2	259	1
2	261	3
2	262	3
2	263	1
2	265	1
2	266	1
2	268	1
2	269	5
2	270	4
2	272	2
2	273	1
2	276	4
2	277	1
2	278	2
2	279	3
2	280	5
2	282	3
2	284	4
2	285	5
2	287	1
2	288	1
2	294	1
2	296	1
2	297	6
2	298	1
2	302	1
2	303	3
2	305	5
2	306	1
2	307	1
2	308	6
2	309	2
2	310	1
2	311	2
2	312	1
2	313	1
2	315	1
2	316	4
2	317	2
2	318	2
2	320	2
2	321	1
2	322	3
2	325	2
2	326	3
2	329	1
2	332	2
2	333	1
2	334	2
2	335	3
2	336	5
2	337	5
2	339	4
2	341	1
2	342	1
2	343	1
2	344	2
2	349	2
2	350	2
2	351	2
2	353	1
2	354	1
2	355	1
2	356	2
2	357	1
2	358	2
2	359	3
2	360	1
2	362	2
2	363	4
2	364	1
2	365	1
2	367	2
2	369	2
2	370	2
2	372	1
2	375	1
2	376	4
2	378	1
2	380	1
2	381	1
2	384	1
2	386	1
2	387	2
2	388	4
2	390	1
2	391	3
2	393	1
2	394	4
2	395	2
2	399	5
2	401	1
2	402	1
2	403	1
2	405	2
2	406	4
2	409	2
2	410	4
2	417	5
2	418	2
2	419	2
2	422	1
2	424	4
2	425	2
2	426	1
2	427	1
2	429	4
2	430	2
2	431	1
2	432	1
2	438	1
2	441	2
2	442	1
2	443	2
2	444	1
2	445	1
2	446	1
2	447	2
2	449	1
2	450	2
2	451	3
2	454	3
2	455	1
2	456	3
2	458	6
2	459	3
2	461	1
2	463	2
2	464	1
2	466	3
2	467	1
2	468	3
2	469	3
2	470	1
2	471	1
2	472	1
2	473	4
2	474	1
2	475	4
2	476	2
2	478	2
2	479	1
2	480	2
2	482	2
2	484	2
2	485	3
2	487	3
2	488	1
2	489	3
2	490	1
2	491	1
2	492	1
2	494	2
2	495	1
2	496	6
2	497	2
2	498	2
2	499	1
2	500	1
2	501	3
2	502	2
2	503	1
2	505	6
2	506	1
2	507	1
2	509	3
2	510	2
3	4	8
3	5	4
3	6	26
3	7	12
3	8	32
3	9	12
3	10	28
3	11	10
3	12	10
3	13	16
3	14	13
3	15	5
3	16	1
3	17	2
3	18	19
3	19	4
3	21	9
3	22	12
3	23	45
3	24	13
3	25	6
3	26	4
3	27	6
3	28	5
3	29	7
3	30	54
3	31	4
3	32	2
3	34	2
3	35	1
3	36	4
3	37	5
3	38	3
3	39	1
3	40	6
3	41	16
3	42	12
3	43	25
3	45	8
3	46	1
3	47	4
3	48	3
3	49	9
3	51	1
3	52	2
3	55	6
3	56	2
3	57	3
3	58	1
3	59	6
3	60	2
3	61	3
3	62	2
3	63	11
3	64	5
3	65	1
3	66	1
3	67	22
3	68	2
3	69	1
3	70	13
3	72	12
3	74	1
3	75	8
3	76	13
3	78	8
3	79	1
3	80	12
3	81	7
3	82	4
3	85	2
3	86	4
3	87	4
3	88	3
3	91	1
3	92	2
3	94	6
3	95	11
3	98	2
3	99	5
3	100	6
3	101	2
3	103	3
3	104	3
3	105	1
3	106	6
3	108	2
3	109	4
3	110	3
3	111	2
3	112	3
3	113	1
3	114	4
3	115	4
3	116	2
3	117	4
3	118	4
3	119	6
3	120	1
3	121	2
3	122	7
3	123	2
3	124	5
3	125	2
3	126	3
3	127	4
3	129	3
3	130	3
3	132	4
3	133	1
3	134	3
3	135	2
3	136	3
3	137	9
3	138	6
3	139	1
3	140	1
3	141	1
3	142	6
3	145	2
3	146	2
3	147	2
3	148	3
3	149	1
3	150	3
3	153	3
3	154	2
3	155	8
3	157	4
3	158	3
3	159	9
3	162	6
3	163	1
3	164	5
3	166	2
3	169	1
3	170	4
3	172	1
3	173	10
3	174	2
3	176	1
3	178	2
3	179	1
3	180	2
3	181	1
3	182	1
3	183	1
3	186	3
3	188	4
3	190	2
3	191	3
3	192	3
3	198	3
3	199	3
3	201	4
3	202	4
3	204	1
3	205	4
3	208	1
3	209	6
3	211	1
3	212	4
3	214	3
3	217	3
3	219	4
3	220	1
3	223	1
3	224	2
3	228	3
3	229	3
3	231	14
3	232	2
3	234	1
3	235	11
3	236	1
3	237	2
3	238	2
3	239	1
3	241	3
3	242	5
3	245	2
3	246	1
3	248	1
3	250	1
3	251	3
3	252	3
3	257	1
3	260	1
3	261	2
3	262	2
3	264	3
3	265	1
3	266	2
3	268	2
3	269	2
3	272	1
3	273	1
3	276	4
3	278	1
3	279	1
3	280	3
3	284	2
3	285	1
3	286	9
3	287	2
3	289	3
3	291	3
3	294	4
3	295	2
3	296	1
3	297	6
3	302	1
3	303	2
3	305	3
3	308	1
3	309	2
3	311	10
3	312	5
3	315	5
3	317	3
3	318	3
3	319	4
3	320	1
3	321	1
3	322	1
3	323	3
3	325	1
3	326	3
3	328	4
3	330	2
3	331	1
3	332	2
3	333	4
3	334	1
3	335	1
3	336	1
3	337	1
3	340	1
3	342	1
3	343	5
3	344	2
3	349	4
3	350	4
3	351	1
3	356	4
3	360	4
3	363	2
3	364	6
3	365	1
3	366	6
3	367	2
3	369	2
3	370	3
3	373	1
3	375	1
3	376	2
3	380	2
3	381	1
3	382	4
3	384	3
3	385	1
3	386	7
3	387	1
3	388	1
3	389	2
3	390	1
3	391	1
3	392	1
3	394	1
3	397	1
3	398	1
3	401	1
3	402	1
3	405	3
3	406	1
3	408	2
3	409	2
3	410	2
3	417	1
3	418	1
3	419	1
3	421	3
3	424	4
3	426	2
3	427	1
3	428	4
3	429	2
3	430	1
3	432	2
3	433	1
3	436	1
3	437	3
3	438	3
3	439	1
3	440	9
3	441	1
3	442	1
3	444	4
3	446	1
3	447	1
3	451	4
3	452	1
3	454	1
3	455	2
3	456	3
3	457	2
3	458	1
3	459	2
3	461	1
3	463	4
3	464	1
3	466	1
3	470	1
3	472	1
3	473	1
3	475	2
3	476	3
3	477	1
3	478	7
3	479	1
3	480	1
3	481	1
3	482	2
3	483	3
3	484	8
3	485	2
3	486	1
3	487	1
3	488	1
3	489	1
3	490	2
3	492	1
3	494	1
3	495	1
3	497	1
3	498	2
3	500	1
3	502	1
3	503	1
3	507	8
3	508	6
3	509	2
3	510	2
4	5	25
4	6	4
4	7	23
4	8	2
4	9	12
4	10	9
4	11	4
4	12	14
4	14	3
4	15	14
4	16	26
4	17	1
4	18	1
4	19	10
4	20	11
4	21	2
4	22	6
4	23	1
4	24	4
4	25	5
4	26	1
4	27	4
4	28	2
4	29	3
4	31	3
4	32	20
4	33	4
4	34	10
4	35	5
4	36	6
4	37	3
4	38	20
4	39	7
4	40	3
4	41	1
4	44	5
4	46	5
4	47	2
4	49	6
4	51	9
4	52	3
4	53	10
4	54	8
4	55	2
4	57	1
4	58	1
4	59	1
4	60	1
4	61	5
4	63	1
4	64	1
4	65	3
4	66	1
4	68	2
4	71	6
4	72	1
4	73	3
4	74	3
4	76	2
4	77	2
4	79	1
4	80	1
4	82	2
4	83	3
4	84	1
4	85	1
4	88	2
4	89	3
4	90	9
4	91	11
4	93	3
4	94	3
4	95	1
4	96	5
4	97	3
4	103	3
4	104	2
4	106	1
4	108	1
4	109	2
4	112	1
4	116	4
4	117	1
4	119	1
4	120	4
4	121	2
4	126	5
4	127	3
4	128	3
4	129	2
4	130	1
4	131	1
4	133	1
4	137	3
4	144	2
4	146	2
4	151	2
4	156	3
4	157	1
4	161	3
4	165	3
4	167	3
4	168	1
4	171	2
4	173	1
4	176	1
4	177	3
4	178	1
4	179	1
4	182	1
4	183	4
4	186	1
4	187	1
4	191	1
4	193	2
4	194	4
4	195	3
4	198	4
4	202	2
4	203	1
4	204	2
4	209	2
4	211	3
4	212	1
4	213	1
4	214	1
4	216	2
4	219	1
4	221	1
4	222	1
4	225	1
4	228	1
4	233	3
4	241	1
4	242	2
4	249	4
4	253	1
4	254	1
4	257	1
4	259	1
4	263	1
4	265	2
4	268	4
4	271	2
4	272	3
4	273	1
4	274	1
4	275	1
4	279	2
4	281	4
4	285	2
4	287	3
4	288	1
4	289	1
4	293	1
4	294	1
4	299	3
4	302	1
4	303	1
4	306	1
4	307	2
4	310	3
4	312	1
4	313	1
4	318	1
4	319	1
4	322	1
4	325	1
4	327	1
4	328	4
4	329	2
4	331	1
4	333	1
4	338	2
4	340	1
4	345	1
4	346	3
4	349	1
4	352	1
4	353	1
4	354	1
4	355	1
4	357	1
4	361	1
4	362	1
4	366	1
4	367	2
4	371	1
4	372	1
4	375	1
4	377	1
4	379	2
4	381	3
4	389	4
4	393	2
4	394	4
4	397	2
4	399	2
4	402	4
4	406	1
4	415	1
4	417	1
4	419	1
4	423	2
4	431	1
4	435	2
4	436	2
4	443	1
4	445	1
4	460	1
4	464	1
4	468	3
4	469	1
4	473	1
4	474	2
4	480	2
4	482	1
4	488	1
4	506	1
5	6	2
5	7	10
5	8	1
5	9	16
5	10	4
5	11	3
5	12	6
5	13	5
5	15	9
5	16	3
5	18	1
5	19	63
5	20	25
5	24	3
5	25	13
5	26	1
5	27	6
5	31	5
5	32	16
5	33	1
5	34	8
5	35	33
5	36	5
5	37	8
5	38	11
5	40	1
5	44	4
5	46	18
5	47	1
5	52	4
5	53	1
5	54	5
5	55	5
5	56	1
5	59	1
5	60	2
5	61	2
5	62	1
5	64	1
5	65	3
5	68	13
5	71	10
5	73	1
5	77	2
5	82	3
5	83	9
5	84	4
5	86	1
5	88	1
5	89	1
5	91	6
5	92	1
5	93	4
5	97	9
5	98	1
5	101	2
5	102	1
5	104	1
5	109	1
5	116	1
5	119	1
5	126	3
5	130	1
5	131	2
5	139	3
5	141	1
5	144	6
5	152	1
5	154	2
5	156	3
5	158	2
5	160	1
5	161	3
5	165	6
5	166	2
5	167	6
5	171	2
5	174	1
5	177	2
5	182	2
5	183	2
5	184	2
5	186	1
5	187	3
5	189	1
5	193	5
5	195	1
5	198	1
5	199	1
5	203	1
5	207	2
5	213	1
5	214	1
5	215	1
5	216	3
5	221	4
5	225	1
5	228	1
5	232	1
5	236	1
5	237	1
5	243	1
5	247	1
5	249	4
5	253	1
5	254	2
5	259	1
5	263	1
5	265	2
5	266	3
5	274	4
5	275	4
5	279	1
5	280	1
5	281	1
5	282	2
5	291	2
5	292	2
5	298	2
5	299	1
5	301	1
5	302	3
5	303	1
5	306	7
5	314	1
5	324	6
5	329	1
5	338	1
5	339	1
5	344	1
5	347	1
5	348	1
5	353	2
5	354	1
5	358	2
5	360	1
5	362	3
5	363	1
5	371	8
5	379	3
5	380	2
5	387	1
5	390	2
5	393	2
5	397	3
5	398	1
5	403	4
5	404	1
5	405	1
5	411	1
5	412	1
5	414	4
5	415	1
5	416	1
5	422	1
5	423	3
5	425	1
5	435	1
5	441	1
5	462	4
5	466	4
5	468	1
5	474	1
5	492	4
5	495	1
5	499	2
5	500	2
5	501	2
5	502	3
6	7	8
6	8	57
6	9	3
6	10	1
6	11	20
6	12	14
6	13	3
6	14	9
6	15	7
6	16	3
6	17	3
6	18	9
6	19	1
6	21	11
6	22	15
6	23	2
6	24	3
6	25	3
6	26	10
6	27	7
6	28	16
6	29	4
6	30	1
6	31	3
6	32	4
6	33	2
6	36	3
6	38	1
6	40	4
6	41	1
6	42	4
6	44	1
6	47	3
6	48	3
6	49	6
6	51	2
6	52	2
6	56	3
6	57	2
6	58	11
6	59	4
6	60	2
6	63	3
6	64	1
6	65	1
6	66	9
6	67	1
6	68	1
6	69	5
6	70	1
6	71	1
6	72	2
6	73	4
6	75	2
6	77	1
6	78	3
6	79	1
6	81	2
6	82	1
6	84	1
6	86	1
6	87	11
6	88	3
6	89	1
6	91	2
6	94	4
6	95	1
6	96	3
6	97	1
6	98	1
6	99	1
6	100	3
6	102	2
6	103	2
6	106	2
6	107	6
6	108	2
6	109	3
6	110	1
6	111	4
6	113	5
6	114	1
6	115	1
6	116	2
6	117	1
6	119	2
6	121	2
6	122	3
6	123	4
6	125	4
6	126	1
6	127	1
6	128	2
6	129	2
6	130	3
6	131	1
6	132	1
6	134	1
6	135	1
6	140	2
6	141	1
6	142	2
6	145	1
6	146	1
6	148	2
6	149	2
6	152	2
6	157	2
6	158	3
6	161	1
6	162	1
6	166	2
6	168	3
6	169	9
6	171	3
6	172	1
6	178	3
6	179	1
6	181	1
6	184	1
6	185	1
6	186	1
6	194	1
6	196	1
6	198	3
6	201	2
6	203	2
6	204	1
6	210	1
6	212	1
6	218	1
6	223	1
6	225	2
6	227	4
6	228	5
6	229	3
6	230	1
6	236	2
6	240	1
6	241	1
6	243	1
6	245	1
6	246	1
6	250	1
6	253	2
6	257	1
6	260	2
6	261	1
6	262	1
6	264	4
6	267	2
6	268	1
6	269	1
6	270	1
6	271	1
6	272	2
6	276	1
6	277	2
6	279	1
6	282	2
6	284	1
6	285	1
6	292	1
6	296	2
6	302	1
6	312	1
6	315	1
6	318	1
6	319	1
6	322	2
6	325	1
6	327	1
6	330	2
6	333	1
6	334	2
6	336	2
6	339	1
6	341	1
6	344	1
6	345	1
6	349	1
6	351	1
6	352	1
6	358	1
6	362	1
6	363	2
6	367	2
6	368	1
6	381	2
6	384	2
6	388	4
6	392	1
6	395	1
6	398	3
6	400	1
6	401	1
6	412	1
6	413	1
6	417	1
6	419	1
6	420	1
6	421	2
6	424	1
6	425	1
6	426	1
6	431	1
6	432	1
6	434	1
6	446	2
6	452	1
6	463	1
6	466	1
6	468	1
6	469	1
6	480	1
6	490	2
6	497	1
7	8	5
7	9	17
7	10	9
7	11	7
7	12	8
7	13	1
7	14	2
7	15	26
7	16	3
7	17	1
7	18	11
7	20	4
7	21	2
7	24	5
7	25	5
7	26	8
7	27	10
7	28	1
7	29	3
7	31	2
7	32	3
7	33	4
7	34	6
7	36	8
7	37	1
7	38	5
7	39	6
7	40	3
7	41	2
7	42	2
7	45	1
7	48	2
7	49	2
7	51	13
7	54	5
7	55	6
7	57	1
7	59	2
7	60	5
7	61	2
7	62	2
7	63	3
7	65	1
7	66	2
7	68	7
7	69	1
7	71	7
7	74	4
7	76	1
7	80	1
7	82	1
7	83	4
7	88	3
7	89	2
7	90	1
7	91	2
7	92	3
7	93	5
7	94	1
7	95	1
7	96	10
7	97	3
7	100	1
7	102	3
7	104	2
7	105	1
7	111	1
7	115	1
7	117	1
7	119	2
7	120	2
7	123	1
7	128	1
7	131	4
7	135	2
7	136	1
7	137	1
7	138	1
7	139	1
7	140	2
7	141	2
7	142	1
7	144	3
7	145	1
7	150	3
7	151	2
7	152	1
7	154	1
7	160	1
7	161	4
7	162	2
7	167	3
7	168	1
7	169	1
7	176	1
7	180	3
7	183	3
7	185	1
7	191	2
7	194	3
7	199	1
7	201	3
7	206	2
7	207	1
7	208	1
7	211	2
7	221	1
7	222	1
7	226	1
7	227	1
7	228	1
7	236	1
7	237	1
7	239	1
7	243	2
7	246	1
7	253	3
7	257	1
7	259	2
7	260	1
7	264	1
7	266	1
7	274	1
7	278	1
7	279	2
7	282	2
7	287	1
7	289	1
7	290	1
7	292	1
7	298	1
7	299	1
7	300	1
7	302	2
7	310	1
7	314	1
7	315	1
7	320	1
7	325	2
7	327	3
7	329	5
7	331	1
7	337	2
7	345	1
7	346	3
7	347	2
7	348	1
7	353	1
7	357	1
7	360	1
7	362	4
7	369	1
7	372	1
7	375	2
7	379	2
7	380	1
7	381	1
7	383	1
7	388	1
7	392	1
7	394	2
7	399	2
7	401	1
7	402	1
7	405	1
7	411	1
7	421	1
7	423	1
7	427	2
7	439	1
7	441	1
7	446	2
7	454	1
7	456	1
7	459	1
7	466	1
7	467	1
7	468	2
7	470	1
7	474	1
7	477	1
7	480	1
7	501	3
7	503	1
7	505	1
7	506	1
8	9	4
8	10	2
8	11	12
8	12	5
8	13	2
8	14	7
8	15	1
8	16	5
8	17	4
8	18	6
8	21	7
8	22	5
8	23	2
8	24	1
8	25	2
8	26	5
8	27	3
8	28	12
8	29	3
8	30	1
8	31	3
8	32	2
8	33	2
8	34	2
8	38	1
8	40	1
8	41	10
8	42	2
8	43	1
8	44	1
8	45	2
8	47	1
8	51	2
8	52	1
8	54	1
8	55	1
8	56	5
8	57	3
8	58	5
8	60	1
8	62	1
8	63	5
8	66	2
8	69	4
8	70	2
8	72	2
8	73	2
8	78	1
8	80	1
8	81	7
8	82	4
8	84	1
8	86	6
8	87	4
8	88	1
8	91	1
8	94	1
8	96	2
8	97	1
8	98	1
8	99	1
8	100	2
8	103	1
8	104	2
8	105	1
8	106	1
8	107	8
8	108	1
8	109	1
8	110	1
8	111	4
8	112	1
8	113	3
8	114	3
8	117	1
8	119	1
8	121	2
8	122	6
8	127	2
8	130	1
8	135	1
8	140	2
8	141	1
8	145	1
8	147	2
8	148	2
8	152	1
8	153	3
8	158	1
8	160	6
8	162	2
8	163	1
8	168	1
8	169	7
8	170	1
8	171	2
8	172	1
8	173	1
8	175	3
8	178	3
8	179	1
8	188	4
8	201	1
8	202	1
8	205	2
8	206	2
8	207	1
8	208	4
8	214	1
8	218	1
8	219	2
8	223	1
8	225	2
8	227	1
8	229	2
8	236	1
8	240	1
8	246	1
8	250	1
8	260	1
8	262	1
8	265	1
8	268	1
8	269	1
8	271	1
8	276	1
8	277	1
8	278	2
8	284	1
8	285	2
8	287	1
8	288	1
8	289	1
8	296	2
8	300	5
8	304	1
8	305	2
8	315	1
8	319	1
8	320	1
8	322	4
8	325	1
8	331	1
8	335	1
8	337	1
8	341	1
8	343	1
8	345	1
8	349	1
8	352	1
8	364	1
8	367	1
8	368	1
8	369	1
8	374	2
8	376	1
8	384	5
8	389	1
8	398	1
8	400	1
8	401	2
8	406	1
8	412	1
8	419	1
8	421	1
8	424	2
8	425	1
8	426	1
8	432	1
8	443	3
8	445	1
8	446	1
8	448	1
8	451	1
8	452	1
8	467	2
8	468	1
8	472	1
8	474	1
8	486	1
8	491	1
8	498	2
9	10	21
9	11	2
9	12	1
9	13	4
9	14	1
9	15	9
9	16	9
9	18	6
9	19	2
9	20	12
9	21	4
9	22	1
9	23	1
9	24	5
9	25	3
9	26	1
9	27	3
9	28	1
9	29	2
9	31	3
9	32	4
9	34	3
9	36	7
9	37	3
9	38	6
9	40	2
9	44	2
9	48	1
9	49	1
9	52	2
9	54	1
9	55	1
9	57	1
9	58	4
9	59	3
9	61	2
9	62	18
9	65	1
9	66	1
9	68	4
9	69	1
9	71	1
9	73	6
9	74	4
9	75	1
9	78	2
9	79	4
9	80	1
9	82	3
9	85	2
9	90	5
9	92	11
9	93	5
9	94	1
9	95	2
9	97	1
9	100	3
9	101	3
9	104	2
9	110	1
9	112	14
9	114	1
9	115	3
9	117	1
9	120	3
9	126	1
9	128	1
9	129	8
9	130	1
9	131	2
9	135	1
9	137	1
9	138	1
9	140	1
9	141	1
9	144	1
9	150	4
9	151	1
9	154	1
9	163	1
9	165	3
9	168	1
9	170	1
9	173	2
9	175	14
9	177	2
9	181	1
9	183	7
9	185	1
9	188	1
9	191	2
9	192	1
9	195	1
9	197	3
9	202	1
9	203	1
9	210	1
9	214	2
9	216	2
9	220	5
9	226	2
9	228	2
9	230	1
9	232	1
9	234	1
9	239	1
9	240	1
9	241	1
9	243	1
9	247	1
9	249	1
9	253	2
9	254	1
9	257	2
9	259	4
9	263	2
9	265	1
9	266	1
9	267	1
9	270	1
9	278	1
9	281	1
9	287	2
9	288	1
9	289	2
9	290	1
9	293	1
9	298	1
9	302	1
9	304	1
9	309	2
9	310	2
9	313	1
9	318	1
9	319	1
9	321	4
9	327	1
9	330	1
9	331	1
9	334	1
9	345	1
9	347	1
9	348	2
9	351	4
9	357	3
9	362	1
9	372	3
9	374	1
9	378	1
9	379	1
9	391	2
9	392	1
9	395	1
9	399	1
9	401	1
9	405	2
9	411	1
9	412	1
9	418	1
9	420	1
9	423	1
9	425	1
9	427	1
9	429	1
9	433	1
9	434	1
9	435	1
9	436	2
9	441	1
9	446	1
9	452	1
9	461	1
9	464	1
9	466	1
9	474	1
9	475	2
9	480	1
9	487	1
9	488	1
9	493	1
9	502	2
9	503	2
9	509	1
10	11	2
10	12	6
10	13	3
10	14	9
10	15	2
10	16	3
10	18	2
10	20	5
10	21	2
10	22	1
10	23	2
10	24	4
10	25	6
10	26	1
10	27	4
10	29	1
10	32	1
10	34	6
10	36	3
10	37	24
10	38	3
10	40	4
10	42	2
10	43	1
10	46	1
10	47	4
10	52	1
10	53	1
10	54	5
10	57	2
10	58	1
10	59	2
10	62	4
10	65	1
10	68	1
10	71	2
10	72	1
10	74	14
10	77	1
10	79	1
10	80	19
10	82	3
10	84	1
10	85	4
10	88	1
10	90	5
10	92	3
10	93	1
10	100	1
10	101	1
10	102	3
10	103	1
10	104	3
10	105	6
10	106	1
10	108	1
10	109	2
10	110	1
10	112	1
10	113	3
10	115	14
10	118	3
10	120	2
10	128	1
10	131	1
10	134	1
10	135	1
10	137	7
10	140	1
10	143	2
10	149	1
10	152	1
10	153	1
10	154	2
10	155	4
10	158	1
10	164	1
10	174	5
10	175	1
10	177	2
10	181	4
10	183	1
10	186	1
10	191	3
10	194	2
10	197	5
10	199	4
10	214	2
10	216	1
10	217	1
10	218	3
10	220	3
10	222	2
10	223	1
10	230	2
10	233	1
10	236	1
10	238	1
10	239	2
10	241	7
10	247	1
10	248	1
10	252	2
10	253	1
10	256	1
10	257	2
10	260	1
10	263	1
10	266	1
10	267	2
10	271	2
10	278	1
10	279	1
10	280	2
10	283	1
10	285	1
10	287	2
10	288	3
10	289	1
10	291	1
10	293	1
10	307	1
10	308	1
10	313	1
10	317	2
10	320	1
10	325	1
10	328	3
10	329	2
10	341	1
10	344	2
10	346	2
10	351	2
10	356	1
10	357	1
10	360	3
10	370	3
10	372	2
10	373	1
10	377	1
10	378	2
10	391	2
10	394	1
10	406	1
10	414	1
10	418	4
10	422	1
10	423	1
10	424	1
10	425	1
10	427	1
10	446	1
10	456	2
10	457	2
10	479	1
10	481	1
10	483	1
10	487	1
10	489	1
10	493	1
10	501	1
10	502	1
10	505	2
10	509	1
11	12	16
11	14	6
11	15	6
11	16	1
11	17	7
11	18	2
11	20	6
11	22	12
11	24	1
11	25	7
11	26	8
11	27	1
11	28	4
11	29	2
11	30	1
11	31	1
11	32	4
11	33	3
11	34	4
11	36	1
11	37	1
11	38	3
11	40	3
11	41	1
11	42	3
11	45	1
11	47	5
11	48	4
11	50	1
11	51	5
11	52	4
11	54	2
11	56	2
11	57	1
11	58	1
11	59	1
11	60	1
11	61	1
11	62	1
11	63	1
11	64	3
11	65	1
11	68	1
11	69	5
11	71	2
11	72	1
11	73	7
11	76	1
11	78	1
11	87	4
11	88	1
11	91	1
11	94	1
11	98	3
11	100	1
11	103	1
11	105	1
11	107	1
11	109	2
11	110	1
11	111	1
11	113	1
11	117	1
11	118	1
11	119	3
11	120	1
11	123	4
11	125	1
11	126	1
11	127	4
11	129	1
11	132	2
11	133	1
11	135	1
11	140	3
11	141	1
11	142	1
11	143	1
11	145	1
11	147	1
11	153	3
11	154	1
11	158	1
11	163	2
11	165	1
11	168	1
11	169	1
11	177	1
11	178	5
11	187	2
11	196	1
11	205	1
11	206	1
11	208	1
11	213	1
11	214	1
11	215	1
11	222	1
11	226	1
11	228	1
11	229	1
11	236	3
11	240	2
11	245	4
11	250	1
11	254	1
11	255	1
11	265	1
11	267	1
11	268	1
11	269	2
11	278	1
11	280	1
11	283	1
11	284	1
11	285	1
11	288	1
11	294	1
11	295	1
11	298	1
11	299	2
11	307	1
11	314	2
11	320	2
11	322	3
11	327	1
11	329	1
11	334	2
11	341	3
11	342	1
11	344	1
11	345	1
11	347	1
11	349	1
11	352	7
11	353	1
11	365	1
11	367	1
11	368	1
11	381	1
11	383	1
11	385	2
11	387	1
11	389	2
11	390	1
11	391	2
11	394	1
11	395	1
11	396	1
11	398	1
11	404	1
11	409	1
11	411	1
11	412	2
11	413	1
11	417	1
11	434	1
11	448	1
11	459	1
11	475	1
11	477	2
11	480	1
11	482	1
11	485	1
11	494	2
11	496	1
11	498	1
11	506	2
12	13	1
12	14	7
12	15	14
12	16	5
12	17	1
12	18	4
12	19	2
12	20	5
12	21	5
12	22	1
12	24	1
12	25	7
12	26	2
12	27	2
12	29	2
12	31	1
12	32	2
12	33	3
12	34	5
12	36	2
12	38	5
12	40	2
12	41	1
12	42	1
12	47	2
12	48	3
12	49	2
12	50	1
12	52	3
12	54	5
12	56	4
12	57	3
12	58	2
12	59	3
12	60	2
12	62	1
12	63	3
12	64	1
12	66	2
12	68	1
12	69	3
12	71	2
12	73	2
12	75	2
12	78	1
12	79	2
12	81	1
12	82	2
12	84	1
12	85	1
12	87	2
12	88	1
12	89	5
12	91	1
12	93	2
12	94	1
12	98	3
12	102	1
12	107	2
12	108	2
12	113	1
12	114	1
12	118	1
12	119	1
12	122	1
12	124	1
12	125	2
12	127	4
12	128	3
12	129	1
12	130	1
12	132	2
12	133	1
12	134	1
12	135	1
12	136	2
12	138	1
12	140	4
12	141	1
12	143	1
12	146	1
12	147	2
12	149	1
12	150	1
12	151	3
12	152	1
12	156	1
12	157	2
12	166	2
12	168	1
12	180	1
12	185	1
12	196	1
12	201	1
12	202	1
12	205	1
12	209	1
12	212	1
12	215	1
12	217	1
12	226	1
12	227	1
12	236	1
12	239	1
12	240	2
12	243	1
12	262	1
12	264	1
12	267	1
12	268	1
12	269	1
12	272	1
12	273	1
12	277	2
12	279	1
12	280	1
12	286	1
12	293	2
12	295	4
12	300	1
12	302	1
12	312	1
12	314	5
12	322	1
12	330	2
12	333	1
12	334	2
12	337	2
12	339	1
12	348	1
12	352	1
12	357	1
12	358	2
12	367	2
12	369	2
12	373	1
12	374	1
12	375	2
12	380	1
12	383	1
12	388	1
12	389	1
12	391	1
12	393	1
12	394	2
12	395	1
12	404	1
12	405	1
12	409	2
12	412	2
12	413	1
12	415	1
12	439	2
12	441	2
12	447	3
12	453	1
12	454	1
12	458	1
12	459	1
12	464	1
12	471	1
12	474	1
12	475	1
12	477	1
13	14	1
13	15	3
13	16	1
13	17	1
13	18	10
13	23	3
13	24	1
13	26	2
13	27	5
13	29	6
13	30	1
13	31	7
13	32	2
13	36	1
13	37	2
13	40	1
13	44	1
13	45	1
13	46	3
13	47	1
13	48	1
13	52	1
13	53	4
13	54	1
13	55	1
13	58	1
13	59	1
13	61	1
13	62	6
13	75	3
13	76	1
13	79	1
13	83	1
13	89	1
13	93	1
13	94	1
13	95	1
13	101	1
13	102	1
13	103	1
13	104	1
13	105	1
13	106	3
13	109	1
13	110	1
13	112	2
13	117	1
13	118	8
13	120	1
13	122	1
13	125	2
13	128	1
13	131	1
13	136	1
13	138	1
13	139	1
13	154	1
13	158	3
13	162	1
13	164	1
13	167	1
13	169	1
13	181	1
13	183	1
13	189	1
13	190	10
13	192	1
13	194	1
13	199	1
13	200	1
13	203	1
13	204	1
13	214	1
13	215	2
13	216	1
13	217	1
13	218	2
13	224	2
13	227	1
13	230	4
13	232	1
13	237	1
13	239	1
13	244	2
13	248	2
13	253	1
13	256	4
13	257	1
13	258	1
13	260	3
13	261	2
13	265	1
13	273	1
13	279	1
13	285	1
13	296	1
13	304	1
13	308	1
13	315	1
13	316	1
13	318	2
13	321	7
13	328	1
13	343	1
13	350	1
13	351	1
13	354	1
13	370	2
13	385	1
13	387	1
13	395	1
13	403	1
13	405	1
13	410	2
13	411	2
13	421	1
13	422	1
13	426	1
13	430	1
13	435	2
13	438	1
13	440	1
13	441	2
13	445	1
13	450	1
13	451	2
13	479	1
13	482	1
13	483	1
13	487	1
13	489	2
13	493	1
13	498	1
13	499	1
13	505	1
14	15	3
14	16	1
14	17	1
14	18	1
14	19	2
14	20	2
14	21	3
14	24	3
14	25	1
14	27	2
14	29	3
14	31	1
14	32	2
14	33	3
14	34	2
14	36	1
14	37	3
14	38	6
14	40	1
14	42	14
14	44	1
14	47	2
14	48	1
14	49	1
14	50	1
14	51	6
14	52	2
14	54	1
14	55	1
14	56	3
14	61	2
14	63	2
14	65	1
14	66	1
14	69	2
14	70	1
14	72	2
14	73	1
14	74	1
14	75	3
14	76	3
14	78	1
14	79	1
14	80	2
14	81	3
14	84	1
14	87	2
14	88	2
14	89	2
14	91	1
14	94	2
14	95	2
14	96	1
14	98	1
14	99	1
14	102	2
14	108	1
14	109	2
14	110	1
14	111	1
14	113	3
14	119	1
14	121	1
14	122	1
14	123	1
14	124	1
14	125	2
14	127	1
14	132	4
14	133	2
14	134	1
14	137	1
14	140	1
14	141	1
14	143	1
14	145	2
14	149	2
14	154	2
14	155	1
14	157	2
14	158	1
14	166	2
14	174	2
14	176	1
14	179	2
14	192	1
14	196	3
14	201	1
14	207	2
14	209	3
14	212	2
14	214	1
14	215	3
14	219	1
14	221	1
14	232	1
14	240	1
14	245	1
14	246	3
14	254	3
14	264	1
14	269	2
14	277	1
14	279	1
14	282	1
14	287	1
14	289	2
14	293	2
14	299	1
14	304	1
14	307	2
14	308	1
14	315	1
14	330	1
14	339	1
14	340	2
14	344	1
14	346	1
14	347	1
14	358	2
14	363	1
14	365	1
14	366	1
14	367	2
14	375	1
14	379	1
14	381	1
14	389	1
14	395	1
14	405	1
14	408	1
14	409	1
14	412	1
14	424	1
14	427	1
14	428	1
14	433	1
14	448	1
14	450	1
14	451	1
14	452	1
14	454	1
14	458	1
14	467	2
14	479	1
14	485	1
14	495	1
14	498	1
15	16	4
15	18	3
15	19	1
15	20	3
15	24	2
15	25	2
15	26	11
15	27	10
15	28	1
15	29	3
15	31	1
15	32	6
15	33	1
15	34	2
15	35	1
15	36	4
15	37	2
15	38	2
15	44	3
15	46	1
15	47	2
15	48	5
15	49	1
15	51	3
15	54	4
15	55	3
15	56	5
15	57	3
15	58	1
15	59	1
15	61	1
15	63	1
15	66	2
15	68	2
15	71	2
15	72	1
15	73	2
15	75	2
15	78	1
15	82	1
15	83	1
15	84	2
15	87	2
15	89	1
15	91	1
15	92	1
15	93	2
15	96	2
15	102	1
15	104	1
15	105	1
15	113	3
15	117	1
15	120	1
15	123	2
15	126	1
15	127	1
15	131	2
15	144	1
15	146	1
15	157	1
15	158	1
15	166	1
15	167	1
15	168	3
15	171	2
15	180	1
15	184	3
15	185	3
15	198	1
15	199	1
15	201	1
15	202	1
15	203	1
15	204	1
15	210	1
15	216	2
15	221	2
15	233	1
15	234	1
15	236	1
15	240	1
15	250	1
15	253	3
15	257	1
15	259	3
15	263	1
15	266	2
15	269	1
15	273	3
15	274	1
15	278	1
15	280	1
15	289	1
15	290	4
15	293	1
15	299	2
15	312	1
15	314	1
15	316	1
15	318	2
15	320	1
15	322	3
15	329	1
15	330	1
15	338	1
15	342	3
15	345	1
15	348	1
15	353	3
15	358	1
15	359	2
15	371	1
15	374	1
15	375	2
15	379	1
15	387	1
15	392	1
15	395	2
15	399	2
15	415	1
15	417	1
15	421	1
15	429	1
15	434	1
15	446	2
15	460	2
15	474	4
15	480	1
15	492	1
15	494	2
15	497	1
15	505	1
16	18	1
16	19	2
16	20	6
16	21	1
16	23	1
16	24	12
16	25	1
16	27	2
16	29	4
16	31	5
16	32	4
16	33	7
16	34	2
16	35	3
16	36	3
16	38	1
16	39	14
16	42	1
16	44	11
16	47	1
16	49	1
16	51	2
16	52	2
16	54	2
16	55	2
16	56	1
16	57	1
16	58	4
16	60	1
16	62	6
16	64	1
16	65	5
16	66	4
16	79	1
16	82	1
16	86	1
16	91	2
16	93	1
16	96	2
16	101	4
16	106	1
16	110	3
16	116	2
16	117	2
16	118	1
16	121	2
16	126	1
16	129	1
16	136	1
16	139	1
16	141	1
16	142	1
16	146	1
16	151	6
16	156	1
16	161	2
16	167	1
16	171	1
16	182	1
16	188	1
16	189	7
16	190	1
16	195	1
16	197	1
16	198	1
16	199	2
16	202	2
16	209	1
16	211	3
16	214	1
16	217	1
16	218	5
16	222	1
16	228	1
16	233	2
16	243	1
16	247	3
16	249	1
16	257	1
16	259	1
16	260	1
16	263	3
16	265	1
16	270	1
16	274	1
16	277	1
16	278	1
16	287	1
16	294	2
16	309	1
16	310	2
16	322	1
16	325	1
16	333	1
16	345	3
16	347	1
16	355	3
16	356	1
16	366	1
16	376	2
16	381	1
16	385	1
16	393	1
16	402	2
16	413	2
16	415	3
16	421	1
16	436	3
16	445	1
16	461	1
16	465	1
16	474	1
16	497	1
16	500	1
17	18	2
17	21	2
17	22	2
17	26	1
17	28	2
17	29	2
17	31	10
17	33	3
17	38	1
17	43	1
17	48	2
17	52	2
17	55	7
17	57	5
17	60	1
17	61	1
17	63	3
17	64	1
17	65	3
17	67	1
17	69	1
17	70	4
17	72	2
17	77	3
17	78	1
17	85	1
17	86	2
17	87	1
17	88	1
17	99	7
17	100	1
17	103	2
17	105	1
17	114	1
17	124	2
17	134	5
17	139	2
17	142	1
17	149	1
17	151	2
17	163	4
17	164	1
17	166	1
17	176	1
17	191	2
17	197	1
17	200	3
17	202	1
17	210	1
17	219	2
17	222	2
17	226	2
17	230	1
17	232	1
17	234	1
17	237	1
17	238	1
17	245	1
17	246	1
17	252	2
17	256	1
17	258	1
17	262	1
17	264	1
17	284	1
17	289	1
17	296	1
17	304	1
17	315	1
17	319	1
17	333	1
17	337	2
17	350	1
17	364	2
17	365	1
17	369	1
17	376	1
17	385	1
17	396	3
17	400	3
17	401	1
17	403	1
17	406	1
17	417	1
17	421	1
17	438	1
17	439	1
17	442	1
17	457	1
17	483	1
17	486	3
17	507	1
17	510	1
18	21	3
18	22	6
18	23	3
18	25	2
18	26	1
18	27	1
18	28	4
18	29	2
18	31	6
18	33	1
18	37	1
18	40	1
18	43	2
18	45	6
18	49	2
18	51	1
18	53	2
18	55	7
18	57	1
18	59	2
18	60	3
18	61	3
18	63	1
18	64	5
18	65	1
18	69	1
18	70	1
18	72	4
18	73	2
18	74	1
18	76	1
18	81	1
18	82	4
18	85	1
18	86	4
18	89	2
18	92	2
18	98	1
18	100	7
18	103	3
18	104	2
18	105	2
18	106	1
18	111	2
18	114	4
18	115	1
18	117	1
18	122	2
18	123	1
18	134	1
18	136	1
18	137	3
18	138	1
18	143	1
18	145	1
18	148	2
18	151	3
18	153	1
18	160	2
18	163	4
18	164	1
18	168	1
18	172	2
18	173	3
18	176	3
18	178	1
18	188	1
18	191	2
18	198	1
18	199	1
18	200	1
18	208	1
18	226	2
18	227	1
18	228	1
18	229	1
18	234	1
18	237	1
18	238	1
18	239	3
18	244	1
18	246	2
18	248	1
18	252	2
18	257	1
18	259	1
18	264	1
18	270	1
18	271	1
18	274	1
18	278	2
18	285	1
18	289	2
18	302	1
18	303	1
18	309	1
18	313	1
18	318	2
18	319	1
18	320	1
18	325	2
18	328	1
18	330	1
18	332	1
18	344	1
18	349	1
18	356	1
18	368	2
18	383	1
18	384	1
18	399	1
18	411	1
18	412	1
18	421	1
18	431	1
18	436	1
18	439	7
18	441	2
18	446	1
18	451	1
18	454	1
18	459	1
18	463	1
18	472	1
18	480	1
18	486	1
18	488	1
18	489	4
18	499	1
18	503	1
18	505	1
18	508	1
19	20	11
19	25	4
19	27	3
19	29	1
19	32	6
19	34	6
19	35	16
19	36	2
19	38	2
19	40	1
19	46	12
19	48	2
19	52	2
19	53	1
19	54	8
19	61	2
19	65	2
19	68	15
19	71	4
19	77	1
19	79	6
19	82	1
19	83	5
19	84	3
19	90	1
19	91	2
19	92	1
19	93	2
19	97	5
19	101	1
19	113	1
19	120	1
19	126	2
19	141	2
19	144	6
19	154	1
19	156	9
19	158	2
19	161	2
19	167	1
19	171	5
19	174	1
19	180	1
19	182	1
19	183	1
19	184	5
19	187	3
19	193	1
19	198	1
19	202	1
19	207	1
19	213	1
19	215	1
19	216	4
19	221	1
19	232	1
19	249	1
19	254	2
19	263	1
19	266	1
19	274	4
19	275	4
19	277	1
19	279	3
19	280	2
19	292	2
19	298	2
19	299	1
19	302	2
19	306	2
19	324	7
19	329	1
19	331	1
19	338	3
19	347	1
19	348	1
19	353	1
19	361	4
19	362	1
19	368	1
19	371	1
19	377	5
19	379	3
19	397	3
19	404	2
19	407	1
19	414	3
19	416	2
19	421	1
19	422	1
19	423	1
19	446	1
19	460	3
19	461	1
19	462	2
19	492	1
19	500	2
19	502	1
20	21	1
20	22	2
20	25	4
20	26	2
20	29	1
20	31	1
20	32	8
20	33	2
20	34	7
20	35	8
20	36	3
20	37	1
20	38	2
20	40	1
20	44	1
20	46	3
20	47	1
20	48	2
20	49	1
20	51	1
20	52	1
20	54	3
20	59	1
20	61	1
20	68	2
20	69	1
20	71	6
20	73	1
20	74	1
20	77	1
20	78	1
20	79	1
20	84	2
20	89	1
20	90	3
20	91	2
20	92	2
20	93	3
20	96	1
20	97	1
20	98	1
20	112	1
20	115	1
20	116	2
20	123	1
20	127	2
20	130	1
20	137	1
20	141	1
20	156	2
20	158	1
20	160	1
20	165	2
20	167	3
20	169	1
20	171	1
20	183	1
20	184	1
20	193	2
20	207	1
20	209	1
20	213	1
20	216	1
20	221	1
20	222	1
20	233	1
20	236	1
20	249	2
20	254	2
20	271	3
20	274	2
20	275	1
20	278	1
20	279	1
20	282	1
20	292	1
20	298	1
20	299	1
20	302	2
20	303	1
20	306	1
20	310	1
20	324	2
20	327	1
20	329	2
20	331	1
20	338	1
20	339	1
20	347	1
20	352	1
20	353	2
20	354	1
20	361	1
20	368	1
20	371	1
20	379	1
20	387	1
20	389	1
20	390	1
20	393	1
20	401	1
20	403	1
20	412	3
20	414	2
20	415	2
20	423	2
20	427	1
20	441	1
20	442	1
20	466	2
20	474	1
20	494	1
21	22	2
21	23	1
21	24	1
21	26	2
21	27	2
21	28	3
21	29	5
21	31	1
21	33	3
21	34	1
21	36	1
21	39	1
21	41	6
21	45	10
21	47	1
21	49	1
21	54	1
21	56	1
21	58	4
21	60	2
21	66	10
21	69	5
21	72	1
21	73	2
21	81	1
21	85	1
21	92	1
21	94	1
21	96	1
21	100	1
21	101	1
21	107	2
21	109	1
21	111	1
21	113	1
21	116	1
21	120	1
21	122	1
21	127	1
21	145	1
21	147	2
21	148	2
21	166	1
21	168	2
21	175	1
21	177	1
21	179	1
21	190	1
21	201	1
21	204	1
21	208	2
21	211	1
21	223	1
21	228	1
21	229	1
21	232	1
21	234	1
21	238	2
21	246	2
21	250	1
21	256	1
21	258	1
21	264	2
21	270	1
21	276	1
21	277	1
21	298	1
21	300	2
21	319	1
21	322	1
21	335	1
21	339	1
21	356	1
21	358	2
21	364	2
21	373	1
21	374	5
21	376	1
21	406	1
21	413	1
21	420	4
21	432	2
21	443	1
22	23	1
22	24	1
22	27	2
22	28	27
22	29	3
22	31	2
22	32	1
22	33	7
22	35	3
22	36	1
22	40	2
22	41	1
22	43	2
22	45	2
22	48	1
22	50	1
22	52	2
22	55	2
22	56	3
22	57	1
22	58	1
22	59	1
22	64	3
22	66	1
22	69	1
22	71	1
22	72	1
22	73	3
22	78	1
22	82	2
22	86	1
22	87	3
22	88	2
22	111	2
22	114	4
22	115	1
22	119	2
22	123	2
22	124	1
22	125	2
22	126	1
22	127	3
22	134	1
22	137	1
22	138	1
22	140	2
22	145	2
22	147	3
22	158	1
22	163	4
22	170	2
22	172	1
22	180	1
22	185	1
22	189	1
22	196	1
22	208	2
22	215	1
22	225	1
22	227	2
22	229	1
22	237	1
22	239	1
22	245	2
22	253	1
22	255	2
22	257	1
22	270	1
22	276	2
22	278	1
22	290	1
22	296	3
22	300	1
22	301	1
22	306	1
22	327	1
22	334	2
22	335	1
22	352	1
22	363	1
22	365	1
22	374	1
22	384	1
22	385	2
22	396	1
22	401	1
22	405	1
22	421	1
22	431	1
22	439	1
22	442	1
22	474	1
22	477	1
22	497	2
22	502	1
23	24	2
23	27	2
23	28	1
23	29	3
23	30	18
23	40	1
23	43	2
23	45	2
23	48	1
23	57	1
23	58	1
23	59	1
23	67	3
23	72	1
23	75	2
23	78	1
23	80	1
23	81	1
23	85	2
23	86	3
23	92	2
23	94	1
23	98	1
23	104	3
23	105	1
23	106	1
23	115	3
23	118	1
23	122	2
23	129	1
23	134	5
23	138	3
23	148	2
23	153	1
23	158	1
23	159	3
23	162	1
23	170	1
23	173	1
23	175	1
23	176	1
23	179	1
23	186	2
23	191	1
23	205	1
23	218	1
23	219	1
23	225	1
23	229	1
23	231	2
23	235	5
23	237	1
23	238	2
23	239	2
23	241	2
23	248	1
23	256	1
23	270	1
23	276	1
23	296	1
23	311	5
23	312	1
23	330	1
23	343	2
23	344	1
23	366	2
23	368	1
23	382	1
23	386	1
23	391	1
23	396	1
23	399	2
23	406	1
23	410	1
23	419	1
23	421	1
23	426	1
23	437	4
23	438	1
23	444	1
23	455	1
23	457	1
23	478	3
23	484	3
23	490	1
23	503	1
23	505	1
23	508	5
24	26	1
24	27	7
24	28	2
24	29	2
24	31	1
24	32	2
24	33	2
24	35	1
24	37	2
24	38	2
24	39	1
24	42	1
24	44	2
24	47	2
24	51	1
24	52	1
24	53	1
24	61	1
24	62	1
24	63	1
24	66	1
24	68	2
24	73	1
24	79	1
24	80	1
24	90	2
24	92	1
24	93	2
24	100	1
24	103	1
24	106	1
24	110	1
24	112	2
24	115	1
24	116	3
24	117	1
24	118	1
24	119	1
24	121	3
24	122	1
24	133	3
24	136	3
24	137	1
24	144	2
24	148	1
24	162	1
24	165	2
24	166	2
24	169	1
24	171	1
24	174	1
24	177	1
24	188	1
24	194	1
24	195	2
24	205	1
24	209	1
24	210	1
24	211	2
24	217	1
24	222	1
24	234	1
24	241	1
24	242	1
24	247	2
24	254	1
24	262	1
24	263	3
24	268	1
24	270	1
24	273	1
24	277	2
24	278	1
24	291	1
24	324	1
24	333	1
24	345	1
24	355	3
24	363	1
24	388	1
24	395	1
24	401	1
24	406	1
24	421	1
24	436	1
24	470	1
24	473	2
24	497	1
24	502	1
25	26	1
25	27	2
25	31	1
25	32	2
25	34	7
25	35	1
25	37	2
25	38	3
25	39	1
25	42	1
25	46	3
25	47	2
25	51	2
25	52	1
25	56	2
25	61	4
25	66	1
25	71	2
25	77	1
25	79	1
25	80	1
25	83	2
25	84	2
25	90	2
25	102	2
25	106	1
25	108	1
25	112	1
25	116	1
25	128	1
25	129	1
25	131	1
25	133	1
25	135	2
25	139	1
25	144	1
25	156	3
25	161	2
25	179	1
25	180	1
25	183	1
25	184	2
25	192	2
25	193	2
25	210	2
25	211	1
25	213	3
25	216	1
25	224	1
25	233	1
25	236	1
25	254	1
25	263	1
25	267	1
25	269	1
25	275	1
25	277	1
25	279	3
25	281	1
25	285	3
25	288	2
25	292	1
25	298	1
25	306	1
25	329	1
25	331	2
25	341	2
25	344	1
25	346	2
25	353	1
25	358	1
25	368	1
25	377	1
25	379	1
25	380	4
25	389	1
25	393	1
25	394	2
25	397	1
25	402	1
25	404	3
25	422	1
25	429	1
25	441	1
25	446	1
25	458	1
25	462	1
25	466	1
25	475	1
25	489	1
25	493	1
26	27	2
26	28	1
26	29	2
26	32	1
26	33	3
26	34	1
26	36	3
26	37	1
26	38	2
26	40	2
26	45	1
26	48	4
26	49	2
26	52	4
26	57	4
26	59	4
26	60	2
26	64	1
26	66	1
26	68	1
26	69	3
26	71	1
26	73	1
26	75	1
26	78	2
26	85	1
26	87	1
26	89	1
26	91	1
26	96	1
26	98	2
26	102	2
26	107	1
26	111	1
26	116	1
26	117	1
26	120	1
26	122	1
26	123	3
26	126	1
26	130	2
26	135	2
26	136	6
26	141	1
26	147	2
26	153	1
26	154	1
26	169	1
26	180	1
26	187	2
26	205	1
26	208	1
26	215	1
26	227	1
26	236	1
26	245	1
26	253	1
26	260	1
26	266	1
26	270	1
26	277	1
26	280	2
26	284	1
26	290	2
26	291	1
26	296	1
26	298	1
26	299	1
26	301	1
26	304	1
26	318	1
26	320	2
26	335	1
26	339	1
26	341	1
26	360	1
26	363	2
26	374	1
26	388	1
26	412	1
26	434	1
26	446	1
26	459	1
26	499	1
27	28	3
27	29	3
27	32	1
27	34	1
27	35	6
27	39	1
27	40	1
27	42	1
27	46	2
27	49	2
27	54	1
27	55	1
27	56	1
27	57	2
27	58	3
27	60	1
27	62	1
27	67	1
27	71	9
27	72	3
27	81	1
27	87	1
27	91	1
27	93	1
27	96	1
27	100	1
27	112	1
27	117	2
27	118	2
27	119	1
27	125	1
27	126	1
27	130	1
27	135	1
27	140	1
27	148	2
27	149	2
27	153	1
27	156	1
27	167	1
27	168	2
27	169	1
27	171	1
27	177	1
27	187	1
27	188	1
27	202	1
27	203	1
27	216	1
27	217	1
27	218	2
27	222	1
27	228	1
27	230	1
27	233	2
27	234	1
27	246	2
27	257	1
27	260	1
27	273	1
27	279	2
27	289	1
27	295	1
27	298	1
27	302	1
27	335	1
27	359	1
27	372	1
27	379	1
27	390	1
27	406	1
27	424	1
27	426	1
28	29	1
28	32	3
28	33	2
28	35	2
28	41	1
28	42	2
28	43	2
28	45	3
28	48	2
28	52	2
28	55	1
28	56	3
28	57	3
28	58	1
28	59	1
28	63	1
28	69	2
28	73	5
28	75	2
28	78	1
28	81	1
28	82	1
28	86	1
28	100	1
28	102	1
28	105	1
28	108	1
28	109	1
28	113	1
28	114	4
28	119	1
28	126	1
28	129	1
28	134	1
28	136	1
28	138	1
28	139	1
28	145	1
28	158	2
28	163	5
28	169	1
28	171	2
28	203	1
28	205	1
28	206	1
28	208	1
28	222	1
28	227	2
28	229	1
28	232	1
28	245	2
28	253	2
28	255	1
28	264	1
28	266	1
28	269	3
28	270	1
28	278	1
28	290	1
28	296	2
28	312	1
28	327	1
28	333	1
28	349	1
28	352	1
28	356	1
28	357	1
28	384	2
28	388	1
28	432	1
28	439	2
28	442	1
28	453	2
28	474	1
28	475	1
28	497	1
28	502	1
29	30	1
29	31	2
29	32	1
29	33	1
29	34	3
29	35	1
29	36	2
29	37	1
29	39	5
29	40	6
29	42	1
29	44	2
29	45	1
29	48	1
29	49	1
29	52	1
29	54	1
29	55	1
29	58	2
29	61	1
29	63	1
29	64	1
29	66	1
29	68	1
29	69	13
29	75	1
29	78	6
29	80	1
29	85	1
29	87	1
29	88	3
29	92	8
29	96	6
29	97	2
29	98	2
29	102	1
29	103	1
29	107	1
29	108	1
29	112	1
29	115	5
29	118	6
29	124	1
29	134	1
29	135	1
29	136	1
29	140	1
29	142	1
29	144	1
29	145	5
29	147	7
29	153	1
29	158	6
29	165	1
29	167	1
29	168	1
29	177	1
29	180	1
29	181	2
29	183	1
29	189	2
29	190	2
29	194	2
29	196	3
29	197	1
29	199	1
29	204	4
29	215	4
29	227	1
29	229	1
29	236	1
29	238	4
29	239	6
29	241	3
29	247	1
29	248	1
29	250	1
29	256	2
29	257	5
29	260	1
29	272	1
29	275	1
29	277	1
29	278	1
29	281	1
29	287	1
29	296	2
29	304	8
29	313	1
29	328	1
29	340	1
29	341	1
29	343	2
29	353	4
29	359	1
29	378	1
29	379	1
29	388	1
29	389	1
29	401	1
29	405	1
29	406	1
29	410	2
29	412	1
29	419	1
29	421	3
29	422	1
29	424	1
29	438	1
29	457	2
29	464	2
29	494	3
30	43	4
30	47	1
30	76	2
30	78	1
30	86	1
30	98	1
30	101	2
30	114	1
30	129	2
30	134	1
30	142	3
30	159	8
30	162	1
30	164	1
30	202	1
30	205	1
30	231	1
30	235	4
30	252	1
30	311	1
30	312	1
30	323	1
30	330	1
30	342	1
30	343	1
30	366	3
30	382	3
30	386	2
30	419	1
30	426	1
30	437	1
30	478	2
30	484	3
30	508	1
31	32	1
31	33	1
31	34	1
31	36	1
31	37	1
31	41	1
31	46	1
31	49	1
31	50	2
31	52	2
31	57	1
31	59	1
31	61	1
31	64	4
31	70	1
31	86	1
31	91	1
31	100	2
31	106	1
31	116	2
31	124	4
31	125	1
31	129	1
31	142	1
31	150	1
31	163	1
31	165	1
31	167	1
31	170	1
31	185	1
31	225	1
31	228	2
31	232	1
31	246	1
31	257	1
31	259	1
31	264	1
31	270	2
31	278	3
31	282	1
31	283	1
31	315	2
31	321	6
31	330	1
31	331	1
31	335	1
31	337	1
31	343	1
31	362	1
31	364	1
31	368	1
31	371	2
31	383	1
31	385	1
31	396	4
31	407	1
31	424	1
31	433	1
31	436	1
31	437	1
31	448	1
31	463	1
31	472	1
31	486	1
31	504	1
31	510	1
32	34	1
32	35	5
32	37	1
32	40	1
32	42	4
32	44	4
32	46	1
32	47	1
32	49	2
32	51	1
32	54	1
32	56	2
32	59	2
32	60	1
32	61	4
32	63	4
32	68	4
32	69	2
32	71	2
32	79	1
32	84	1
32	91	2
32	92	1
32	94	1
32	96	1
32	97	1
32	108	1
32	109	1
32	115	1
32	117	1
32	119	1
32	121	1
32	123	1
32	128	1
32	131	1
32	136	1
32	145	1
32	147	1
32	162	1
32	165	1
32	167	4
32	171	4
32	175	1
32	177	1
32	180	1
32	183	2
32	187	1
32	199	1
32	204	1
32	213	1
32	230	1
32	233	1
32	239	1
32	240	1
32	243	2
32	246	1
32	252	1
32	259	1
32	266	1
32	306	1
32	310	1
32	320	1
32	321	1
32	329	1
32	330	1
32	331	1
32	334	1
32	338	2
32	357	1
32	361	1
32	371	1
32	377	1
32	381	1
32	403	1
32	414	1
32	423	1
32	432	1
32	446	1
32	447	1
32	466	1
32	494	1
32	496	1
33	37	1
33	38	2
33	43	1
33	47	3
33	51	3
33	52	2
33	56	1
33	57	1
33	65	4
33	66	4
33	71	1
33	78	2
33	81	1
33	93	1
33	98	1
33	103	1
33	109	1
33	110	2
33	127	2
33	134	1
33	145	2
33	147	2
33	151	6
33	158	1
33	171	1
33	174	1
33	180	1
33	187	1
33	196	3
33	210	1
33	221	1
33	223	1
33	224	1
33	225	1
33	234	1
33	255	2
33	257	1
33	264	1
33	270	1
33	276	1
33	277	1
33	278	1
33	289	1
33	291	1
33	294	1
33	295	1
33	304	1
33	316	1
33	332	1
33	352	1
33	363	1
33	374	1
33	395	1
33	412	1
33	420	1
33	459	1
33	485	1
33	499	1
34	35	2
34	37	1
34	38	1
34	39	1
34	40	4
34	46	1
34	47	1
34	48	1
34	49	2
34	51	2
34	52	3
34	53	2
34	55	2
34	59	2
34	61	2
34	65	1
34	71	3
34	82	2
34	83	1
34	84	1
34	85	1
34	90	1
34	91	2
34	92	2
34	96	2
34	97	2
34	104	1
34	109	1
34	115	1
34	116	1
34	119	2
34	131	1
34	135	1
34	140	1
34	144	2
34	151	1
34	156	2
34	161	2
34	169	1
34	193	1
34	194	1
34	199	1
34	205	1
34	207	1
34	216	1
34	225	1
34	234	1
34	236	1
34	241	1
34	260	1
34	268	1
34	271	1
34	273	1
34	274	1
34	275	1
34	278	1
34	280	1
34	288	1
34	299	1
34	306	2
34	321	1
34	324	1
34	344	1
34	353	1
34	354	1
34	362	1
34	372	2
34	380	2
34	389	1
34	407	1
34	410	1
34	413	1
34	414	1
34	415	1
34	441	1
34	462	1
34	489	1
34	493	1
34	495	1
35	37	2
35	38	3
35	40	1
35	42	1
35	46	10
35	54	2
35	60	1
35	61	4
35	63	1
35	65	1
35	68	4
35	71	1
35	79	2
35	82	1
35	83	3
35	84	1
35	91	1
35	93	1
35	97	1
35	101	1
35	121	1
35	139	1
35	144	2
35	145	1
35	156	3
35	167	1
35	187	3
35	193	3
35	203	1
35	204	1
35	216	2
35	221	2
35	236	1
35	243	1
35	254	1
35	266	2
35	274	1
35	275	2
35	279	1
35	292	1
35	298	1
35	302	1
35	309	1
35	331	1
35	338	1
35	348	2
35	353	2
35	354	1
35	371	1
35	393	2
35	398	1
35	414	2
35	423	1
35	460	1
35	461	1
35	462	1
35	464	1
35	500	1
35	501	1
35	502	1
36	40	1
36	43	1
36	51	2
36	53	1
36	54	1
36	58	1
36	59	2
36	61	1
36	62	1
36	67	2
36	68	1
36	73	1
36	75	1
36	78	2
36	79	1
36	82	1
36	90	2
36	98	1
36	102	2
36	109	1
36	110	1
36	111	1
36	120	1
36	123	1
36	128	1
36	137	1
36	138	1
36	141	2
36	153	1
36	158	2
36	165	1
36	166	1
36	175	1
36	177	3
36	182	1
36	183	3
36	199	1
36	202	1
36	204	1
36	215	1
36	220	1
36	259	1
36	261	1
36	278	1
36	280	2
36	287	1
36	289	1
36	290	1
36	310	1
36	325	1
36	326	1
36	341	1
36	366	1
36	375	1
36	377	1
36	393	1
36	395	1
36	401	1
36	407	1
36	420	1
36	422	2
36	425	1
36	427	1
36	448	1
36	457	1
36	479	1
36	480	1
36	488	1
36	494	1
36	499	1
37	40	1
37	42	2
37	44	2
37	46	2
37	52	2
37	54	1
37	59	1
37	61	1
37	62	1
37	74	1
37	79	1
37	82	1
37	87	1
37	92	1
37	105	2
37	115	1
37	116	5
37	120	1
37	121	1
37	128	1
37	141	1
37	152	1
37	155	1
37	165	3
37	177	1
37	183	1
37	187	2
37	191	1
37	195	1
37	197	1
37	217	1
37	230	1
37	241	1
37	265	1
37	273	2
37	293	1
37	309	1
37	314	1
37	320	1
37	321	1
37	340	2
37	370	2
37	387	1
37	391	1
37	394	1
37	397	1
37	414	1
37	418	1
37	435	1
37	462	1
37	463	1
37	501	1
37	503	1
38	39	1
38	40	1
38	46	1
38	48	1
38	49	1
38	51	4
38	52	1
38	54	1
38	56	1
38	61	2
38	65	1
38	74	1
38	80	1
38	82	2
38	88	1
38	89	1
38	91	2
38	100	1
38	121	1
38	123	1
38	127	2
38	131	1
38	133	1
38	136	1
38	140	1
38	144	1
38	145	1
38	146	1
38	151	1
38	154	1
38	168	1
38	171	1
38	175	1
38	193	1
38	199	1
38	210	1
38	213	1
38	215	1
38	221	3
38	240	1
38	245	1
38	250	1
38	254	1
38	259	1
38	272	1
38	278	1
38	281	1
38	291	1
38	302	1
38	309	1
38	313	1
38	354	1
38	357	1
38	363	1
38	389	1
38	393	2
38	394	2
38	395	2
38	403	1
38	485	1
38	488	1
38	495	1
38	509	1
39	40	2
39	44	16
39	58	1
39	65	2
39	68	1
39	96	7
39	98	1
39	101	1
39	110	2
39	121	1
39	142	1
39	146	2
39	172	1
39	189	3
39	194	3
39	199	3
39	210	2
39	213	1
39	233	2
39	260	2
39	263	2
39	265	2
39	272	1
39	294	1
39	317	1
39	345	1
39	381	1
39	402	1
39	412	1
39	419	1
39	435	2
39	493	1
40	41	1
40	42	1
40	43	2
40	47	1
40	48	1
40	51	1
40	54	1
40	56	1
40	57	1
40	58	1
40	61	2
40	62	2
40	63	1
40	68	1
40	69	11
40	77	1
40	78	5
40	79	1
40	80	1
40	82	2
40	86	2
40	87	1
40	88	4
40	91	2
40	92	2
40	94	1
40	96	7
40	98	1
40	100	1
40	102	1
40	108	2
40	113	1
40	115	7
40	116	1
40	118	8
40	124	1
40	125	1
40	128	1
40	138	1
40	141	1
40	144	1
40	145	4
40	147	9
40	149	1
40	153	1
40	156	1
40	158	6
40	162	2
40	166	2
40	167	1
40	169	1
40	170	1
40	174	2
40	179	1
40	181	1
40	183	1
40	190	1
40	194	5
40	199	1
40	204	5
40	215	5
40	227	1
40	229	4
40	234	1
40	236	1
40	238	4
40	239	5
40	241	4
40	249	1
40	251	1
40	252	1
40	256	4
40	257	5
40	266	1
40	273	1
40	275	1
40	284	1
40	289	1
40	296	1
40	304	4
40	314	1
40	316	1
40	317	1
40	329	1
40	336	1
40	340	1
40	346	1
40	347	1
40	353	1
40	355	1
40	366	1
40	367	1
40	372	1
40	385	1
40	391	2
40	392	1
40	401	1
40	410	2
40	412	1
40	417	1
40	420	1
40	421	2
40	422	2
40	449	1
40	456	1
40	469	3
40	473	1
40	494	2
40	506	1
40	510	1
41	43	1
41	45	7
41	48	1
41	49	1
41	53	3
41	59	1
41	60	1
41	64	1
41	66	3
41	69	1
41	88	2
41	99	1
41	107	3
41	108	1
41	114	1
41	123	1
41	140	1
41	147	2
41	153	1
41	162	2
41	168	1
41	169	1
41	176	2
41	180	2
41	188	1
41	226	2
41	229	3
41	239	1
41	257	1
41	278	1
41	284	1
41	289	1
41	295	1
41	300	2
41	312	2
41	331	1
41	343	1
41	356	1
41	357	2
41	364	1
41	376	1
41	384	1
41	401	1
41	452	3
41	472	2
41	482	1
41	485	1
41	505	1
42	45	2
42	47	2
42	49	1
42	52	2
42	56	2
42	63	5
42	69	2
42	87	4
42	89	1
42	95	2
42	106	4
42	109	1
42	113	1
42	133	1
42	137	1
42	145	1
42	147	1
42	149	2
42	154	1
42	157	1
42	166	1
42	169	1
42	171	2
42	179	2
42	204	1
42	214	1
42	215	1
42	219	1
42	240	1
42	251	1
42	269	1
42	272	1
42	284	1
42	285	1
42	293	2
42	307	1
42	313	1
42	336	3
42	340	1
42	352	1
42	358	1
42	363	1
42	365	1
42	376	1
42	381	1
42	405	1
42	409	1
42	413	1
42	419	1
42	424	1
42	438	1
42	443	1
42	467	1
42	496	1
43	47	1
43	52	1
43	53	1
43	63	1
43	70	4
43	75	2
43	76	1
43	78	2
43	81	2
43	85	1
43	86	3
43	88	3
43	94	1
43	95	1
43	98	1
43	99	4
43	100	2
43	101	1
43	106	1
43	118	1
43	134	1
43	138	1
43	140	1
43	152	1
43	159	4
43	160	1
43	163	1
43	170	2
43	173	5
43	217	1
43	238	2
43	256	1
43	262	1
43	271	1
43	276	2
43	278	1
43	288	1
43	297	1
43	303	1
43	308	1
43	315	1
43	316	1
43	326	2
43	365	1
43	366	1
43	369	1
43	373	1
43	384	1
43	399	1
43	401	2
43	406	1
43	410	1
43	431	2
43	438	1
43	444	1
43	451	1
43	453	1
43	455	1
43	485	1
44	48	1
44	57	1
44	58	2
44	61	2
44	68	1
44	80	1
44	82	1
44	96	1
44	97	1
44	110	1
44	111	1
44	124	1
44	141	1
44	146	1
44	160	1
44	161	1
44	167	2
44	210	1
44	213	1
44	215	1
44	221	1
44	237	1
44	253	1
44	260	1
44	265	1
44	277	1
44	283	2
44	294	1
44	302	1
44	310	1
44	317	1
44	329	1
44	336	1
44	345	3
44	415	1
44	435	1
44	436	1
44	464	1
44	465	3
45	48	2
45	49	3
45	57	1
45	66	1
45	67	1
45	69	1
45	70	1
45	77	1
45	81	1
45	87	1
45	88	1
45	100	1
45	104	1
45	109	1
45	113	1
45	119	2
45	123	1
45	145	3
45	148	1
45	162	4
45	164	1
45	169	1
45	173	1
45	176	1
45	178	1
45	196	1
45	201	1
45	219	3
45	228	1
45	229	2
45	238	2
45	239	1
45	246	3
45	251	1
45	262	1
45	284	1
45	294	1
45	295	1
45	303	1
45	309	1
45	312	3
45	318	2
45	335	1
45	344	1
45	376	1
45	398	1
45	443	1
45	453	1
45	472	1
45	480	1
45	505	2
46	54	3
46	61	3
46	64	1
46	68	1
46	71	2
46	79	3
46	83	5
46	84	3
46	120	2
46	131	1
46	144	4
46	171	4
46	183	1
46	187	2
46	193	7
46	203	1
46	216	1
46	221	1
46	227	1
46	247	1
46	275	5
46	299	1
46	306	1
46	324	1
46	338	3
46	354	3
46	358	1
46	361	2
46	371	7
46	379	2
46	404	3
46	414	3
46	416	1
46	431	1
46	462	1
46	506	1
47	53	2
47	54	1
47	59	1
47	65	1
47	66	1
47	69	1
47	74	1
47	75	1
47	76	1
47	80	1
47	85	1
47	87	1
47	89	1
47	95	1
47	100	1
47	102	1
47	109	2
47	113	1
47	127	1
47	129	1
47	133	1
47	135	1
47	154	1
47	166	2
47	170	1
47	174	1
47	177	2
47	186	1
47	187	1
47	191	1
47	196	1
47	209	1
47	216	1
47	238	1
47	240	1
47	250	1
47	267	1
47	268	1
47	272	1
47	277	1
47	278	1
47	285	1
47	291	1
47	297	1
47	302	1
47	308	1
47	334	1
47	355	1
47	365	1
47	366	1
47	380	1
47	381	1
47	389	2
47	422	1
47	428	1
47	430	1
47	441	1
47	478	1
47	480	1
47	481	1
47	509	1
48	49	1
48	51	1
48	52	1
48	57	1
48	64	1
48	69	3
48	70	1
48	71	1
48	73	1
48	84	1
48	87	1
48	88	1
48	91	1
48	92	1
48	94	2
48	111	1
48	113	1
48	123	4
48	126	1
48	127	2
48	153	1
48	160	1
48	162	1
48	168	1
48	178	1
48	180	2
48	188	1
48	198	1
48	204	1
48	215	1
48	219	1
48	223	1
48	240	1
48	243	1
48	249	1
48	255	1
48	290	2
48	295	1
48	310	1
48	329	1
48	330	1
48	332	1
48	342	1
48	357	1
48	360	1
48	375	1
48	396	2
48	398	1
48	446	1
48	449	2
48	453	1
48	500	1
49	52	1
49	57	3
49	68	1
49	71	2
49	72	1
49	73	1
49	88	1
49	92	2
49	93	1
49	97	1
49	100	1
49	111	1
49	119	1
49	121	1
49	123	1
49	128	1
49	129	1
49	144	1
49	153	1
49	163	1
49	171	1
49	176	1
49	180	1
49	184	1
49	187	1
49	196	1
49	198	7
49	203	1
49	204	1
49	228	1
49	267	1
49	280	1
49	290	1
49	298	1
49	300	2
49	344	1
49	356	1
49	359	1
49	369	1
49	381	1
49	405	1
49	433	1
49	443	2
49	446	1
49	497	1
49	503	1
50	52	1
50	64	7
50	70	1
50	75	1
50	95	1
50	98	1
50	124	2
50	125	1
50	126	1
50	128	1
50	163	1
50	185	1
50	232	1
50	258	6
50	323	4
50	396	1
50	476	1
51	52	1
51	54	1
51	60	1
51	68	1
51	69	1
51	71	1
51	78	3
51	84	1
51	88	1
51	89	1
51	93	2
51	98	1
51	108	1
51	110	2
51	117	1
51	120	1
51	131	1
51	133	1
51	138	1
51	140	1
51	145	1
51	146	1
51	150	1
51	154	2
51	158	1
51	170	1
51	175	1
51	181	1
51	196	2
51	210	1
51	217	1
51	221	1
51	227	1
51	229	1
51	236	1
51	280	1
51	289	1
51	293	1
51	298	1
51	304	1
51	315	1
51	352	1
51	358	1
51	375	1
51	384	1
51	394	1
51	401	1
51	405	1
51	412	1
51	421	1
51	431	1
51	446	1
51	473	1
51	506	1
52	53	1
52	55	1
52	59	1
52	64	2
52	69	1
52	73	2
52	75	2
52	78	1
52	84	1
52	87	1
52	89	1
52	94	2
52	106	1
52	113	1
52	125	1
52	130	1
52	132	1
52	133	1
52	136	1
52	143	1
52	147	1
52	149	1
52	166	1
52	174	1
52	179	2
52	190	1
52	196	1
52	225	1
52	246	1
52	264	1
52	266	1
52	283	1
52	303	1
52	314	1
52	324	1
52	325	1
52	330	1
52	334	1
52	335	1
52	396	1
52	404	1
52	431	1
52	503	1
52	504	2
53	55	1
53	57	1
53	59	2
53	70	1
53	72	1
53	76	1
53	85	2
53	94	1
53	95	4
53	104	1
53	107	3
53	109	1
53	115	1
53	116	1
53	128	1
53	130	1
53	135	1
53	136	1
53	137	3
53	142	1
53	143	1
53	146	1
53	166	1
53	181	1
53	185	1
53	202	1
53	205	1
53	219	1
53	234	1
53	241	1
53	242	2
53	244	1
53	246	1
53	261	1
53	276	1
53	296	1
53	300	2
53	326	1
53	333	1
53	349	1
53	367	1
53	388	1
53	390	1
53	431	1
53	473	1
53	483	1
53	496	1
53	502	1
54	55	1
54	58	1
54	60	1
54	71	1
54	73	1
54	74	1
54	76	1
54	79	1
54	82	1
54	83	1
54	85	1
54	87	1
54	89	2
54	96	2
54	97	2
54	102	1
54	113	1
54	126	1
54	144	2
54	156	1
54	160	1
54	161	1
54	167	3
54	174	1
54	175	1
54	177	1
54	180	1
54	181	1
54	190	1
54	193	1
54	194	1
54	213	1
54	222	1
54	233	1
54	247	2
54	250	1
54	259	1
54	275	2
54	282	2
54	285	1
54	288	1
54	324	1
54	328	1
54	338	2
54	345	1
54	346	1
54	375	1
54	377	1
54	383	1
54	414	3
54	420	1
54	458	1
54	459	1
54	462	1
54	469	1
55	60	1
55	66	1
55	68	3
55	70	1
55	71	1
55	73	1
55	89	1
55	91	1
55	93	1
55	96	1
55	97	1
55	98	2
55	99	1
55	100	1
55	101	1
55	114	1
55	124	2
55	160	1
55	161	1
55	163	2
55	169	1
55	173	1
55	178	2
55	206	1
55	257	1
55	258	1
55	265	1
55	270	1
55	274	1
55	278	1
55	286	1
55	307	1
55	379	1
55	385	1
55	396	1
55	403	1
55	427	1
55	431	1
55	439	4
55	441	2
55	445	1
55	450	1
55	463	1
55	492	1
55	504	1
56	63	2
56	69	2
56	82	1
56	91	1
56	100	1
56	107	3
56	127	1
56	130	1
56	132	2
56	133	1
56	147	1
56	149	3
56	153	1
56	166	1
56	169	1
56	178	1
56	179	2
56	185	1
56	206	1
56	240	1
56	250	1
56	251	1
56	253	1
56	268	1
56	272	1
56	279	2
56	280	1
56	295	1
56	322	3
56	334	1
56	335	1
56	339	1
56	352	1
56	358	2
56	369	1
56	391	1
56	398	1
56	409	1
56	452	1
57	65	1
57	69	1
57	72	4
57	76	1
57	77	1
57	78	1
57	86	1
57	108	2
57	109	1
57	116	1
57	119	1
57	123	1
57	125	1
57	130	1
57	132	1
57	135	2
57	136	1
57	139	1
57	141	1
57	150	1
57	170	3
57	171	1
57	174	2
57	180	1
57	182	2
57	188	1
57	196	1
57	197	2
57	200	1
57	205	2
57	211	1
57	219	1
57	222	1
57	226	1
57	227	1
57	229	1
57	232	1
57	237	2
57	245	1
57	280	1
57	290	1
57	315	1
57	335	1
57	339	1
57	349	1
57	355	1
57	356	1
57	367	1
57	417	1
57	422	2
57	459	1
57	465	2
57	466	1
57	490	1
57	493	1
57	494	1
57	505	1
58	62	1
58	66	10
58	74	1
58	78	1
58	92	2
58	98	1
58	101	1
58	107	1
58	110	4
58	111	1
58	113	2
58	115	1
58	117	1
58	122	1
58	138	1
58	147	1
58	157	1
58	162	1
58	169	1
58	181	1
58	182	1
58	201	1
58	218	2
58	227	1
58	230	1
58	243	2
58	244	1
58	247	4
58	282	1
58	304	1
58	345	5
58	378	1
58	385	1
58	436	2
58	473	1
58	476	1
58	495	1
59	90	1
59	92	1
59	95	1
59	115	1
59	116	1
59	118	1
59	120	1
59	123	1
59	126	1
59	136	2
59	145	1
59	167	1
59	172	1
59	179	1
59	212	1
59	217	1
59	218	1
59	219	1
59	223	1
59	225	2
59	229	1
59	237	1
59	245	3
59	255	1
59	257	1
59	291	1
59	314	1
59	320	1
59	321	1
59	331	1
59	334	1
59	418	2
59	429	1
59	453	1
59	479	2
59	483	1
60	66	1
60	68	1
60	71	1
60	72	1
60	82	1
60	91	1
60	100	1
60	102	1
60	136	1
60	152	1
60	168	1
60	187	1
60	191	1
60	204	1
60	219	1
60	226	1
60	236	1
60	239	1
60	250	1
60	259	1
60	267	1
60	298	2
60	325	1
60	333	1
60	347	1
60	353	1
60	360	1
60	364	1
60	374	1
60	381	1
60	395	1
60	416	2
60	424	1
60	427	1
60	446	2
60	454	1
60	460	1
60	474	1
60	494	1
61	62	1
61	65	1
61	68	1
61	71	2
61	83	1
61	84	1
61	93	1
61	97	2
61	112	1
61	121	1
61	135	1
61	144	1
61	146	2
61	161	1
61	167	1
61	171	1
61	182	1
61	183	1
61	184	7
61	187	2
61	193	1
61	210	1
61	221	1
61	225	1
61	242	1
61	249	1
61	270	1
61	271	1
61	273	1
61	274	3
61	275	2
61	278	1
61	292	2
61	299	2
61	302	1
61	304	1
61	310	1
61	324	1
61	361	3
61	371	1
61	388	1
61	390	1
61	403	1
61	414	1
61	416	1
61	433	1
61	441	1
61	460	1
61	461	1
61	488	1
61	501	1
62	65	1
62	66	1
62	67	1
62	86	1
62	93	1
62	112	7
62	123	1
62	126	1
62	128	1
62	138	1
62	143	2
62	183	2
62	214	1
62	218	7
62	226	1
62	228	1
62	232	1
62	249	1
62	265	1
62	287	1
62	299	1
62	309	2
62	310	1
62	313	1
62	318	1
62	340	1
62	346	1
62	349	1
62	370	1
62	460	1
62	493	1
63	67	1
63	69	1
63	70	1
63	72	1
63	76	2
63	77	2
63	81	1
63	82	2
63	86	1
63	87	2
63	89	1
63	94	1
63	95	1
63	96	1
63	98	1
63	108	1
63	111	1
63	117	1
63	122	2
63	127	1
63	128	1
63	130	1
63	132	1
63	139	1
63	140	1
63	145	1
63	157	1
63	171	2
63	201	6
63	204	1
63	212	1
63	219	1
63	223	1
63	227	1
63	228	1
63	229	1
63	262	2
63	272	1
63	284	1
63	295	1
63	308	1
63	327	1
63	356	1
63	369	2
63	385	1
63	388	1
63	433	1
63	451	1
63	486	1
64	70	2
64	75	1
64	76	1
64	86	1
64	95	3
64	99	2
64	100	3
64	103	1
64	105	1
64	114	2
64	123	1
64	127	1
64	128	1
64	163	2
64	174	1
64	182	1
64	192	1
64	198	1
64	205	1
64	219	1
64	226	2
64	229	1
64	233	1
64	239	2
64	240	1
64	249	1
64	258	2
64	261	1
64	270	1
64	278	1
64	323	1
64	342	1
64	356	1
64	358	1
64	371	1
64	376	1
64	387	1
64	396	2
64	398	1
64	439	1
64	442	1
64	472	1
64	485	1
64	506	1
65	73	1
65	83	3
65	88	1
65	97	2
65	98	1
65	101	1
65	103	3
65	108	1
65	112	1
65	117	2
65	121	1
65	138	3
65	139	1
65	143	1
65	144	1
65	167	1
65	172	1
65	184	1
65	193	1
65	203	1
65	210	5
65	213	1
65	216	1
65	219	1
65	221	1
65	243	1
65	259	1
65	277	1
65	279	1
65	291	1
65	294	1
65	313	1
65	331	1
65	332	1
65	339	1
65	355	1
65	362	1
65	392	1
65	403	1
65	421	1
65	461	1
65	490	1
65	495	1
66	74	2
66	93	2
66	110	6
66	147	1
66	151	1
66	171	1
66	176	1
66	181	1
66	182	1
66	197	1
66	223	1
66	227	1
66	236	1
66	243	1
66	250	1
66	263	1
66	265	1
66	270	1
66	277	1
66	312	2
66	322	1
66	354	1
66	378	2
66	420	1
66	424	1
66	436	2
66	495	1
67	77	1
67	110	1
67	116	1
67	121	2
67	132	1
67	142	2
67	149	1
67	157	3
67	159	2
67	162	1
67	173	1
67	200	1
67	209	1
67	231	1
67	242	1
67	311	2
67	315	2
67	350	1
67	367	1
67	386	1
67	440	1
67	451	1
67	505	1
67	510	1
68	71	4
68	79	1
68	83	1
68	89	1
68	90	1
68	91	1
68	96	1
68	97	1
68	129	1
68	138	1
68	144	3
68	156	1
68	160	1
68	167	2
68	171	1
68	198	1
68	199	1
68	215	1
68	216	2
68	232	1
68	274	1
68	275	2
68	280	1
68	292	1
68	306	1
68	310	1
68	329	1
68	331	2
68	333	1
68	338	1
68	375	1
68	378	1
68	387	1
68	422	1
68	427	3
68	445	1
68	462	1
68	474	1
69	77	1
69	78	6
69	79	1
69	81	1
69	82	1
69	87	2
69	88	6
69	96	4
69	98	1
69	102	1
69	107	1
69	108	1
69	113	2
69	115	1
69	118	1
69	124	1
69	125	1
69	128	1
69	132	1
69	133	1
69	135	1
69	145	7
69	147	8
69	153	1
69	158	3
69	162	1
69	166	1
69	168	1
69	177	1
69	179	1
69	180	1
69	186	1
69	189	1
69	190	1
69	194	1
69	196	4
69	204	1
69	215	5
69	222	1
69	227	1
69	229	3
69	238	3
69	239	1
69	240	1
69	245	1
69	246	1
69	256	1
69	277	1
69	283	1
69	284	1
69	287	1
69	296	2
69	304	3
69	308	1
69	334	1
69	341	1
69	353	1
69	367	1
69	381	1
69	389	1
69	391	3
69	401	1
69	412	1
69	417	1
69	438	1
69	447	1
69	458	1
69	468	1
69	474	1
70	81	1
70	88	2
70	89	1
70	95	3
70	98	1
70	99	1
70	106	1
70	123	1
70	125	2
70	140	1
70	145	1
70	172	1
70	173	1
70	212	3
70	219	1
70	228	1
70	235	1
70	276	1
70	286	1
70	337	1
70	350	1
70	356	1
70	385	1
70	388	1
70	407	1
70	426	1
70	432	1
70	439	1
70	440	3
70	453	2
70	455	1
70	479	1
70	507	1
71	79	1
71	84	2
71	91	3
71	93	3
71	97	1
71	119	2
71	130	1
71	135	1
71	146	1
71	150	1
71	167	3
71	193	2
71	227	1
71	233	2
71	236	1
71	253	2
71	279	3
71	281	1
71	292	1
71	306	1
71	329	2
71	351	1
71	368	1
71	371	1
71	372	1
71	390	1
71	416	1
71	446	1
71	462	1
71	466	2
71	474	1
72	76	2
72	77	1
72	81	1
72	87	1
72	88	1
72	95	2
72	96	1
72	106	1
72	109	1
72	111	3
72	124	2
72	125	1
72	129	2
72	132	1
72	139	1
72	178	1
72	185	1
72	198	2
72	200	1
72	201	1
72	207	1
72	208	1
72	219	1
72	229	1
72	232	1
72	241	1
72	246	2
72	255	1
72	262	1
72	297	1
72	312	1
72	332	1
72	349	2
72	352	1
72	366	1
72	367	1
72	398	1
72	422	1
72	455	1
72	476	1
72	490	2
73	87	1
73	88	2
73	91	1
73	94	1
73	100	1
73	104	1
73	107	1
73	111	1
73	114	2
73	120	1
73	126	2
73	129	3
73	130	5
73	178	2
73	182	1
73	205	1
73	212	1
73	215	1
73	217	1
73	219	1
73	222	2
73	223	1
73	232	1
73	236	1
73	240	1
73	259	1
73	269	8
73	290	2
73	327	3
73	332	1
73	339	1
73	342	1
73	352	1
73	358	1
73	365	1
73	384	1
73	409	1
73	419	1
73	439	2
73	446	1
73	454	1
73	475	5
73	477	1
73	495	2
73	506	1
74	80	5
74	105	3
74	112	1
74	117	1
74	120	3
74	148	1
74	149	1
74	152	1
74	154	1
74	160	1
74	177	1
74	197	2
74	208	1
74	220	1
74	239	1
74	244	1
74	247	1
74	251	1
74	259	1
74	317	1
74	321	1
74	328	1
74	329	1
74	423	2
74	425	1
74	435	1
74	456	1
75	78	1
75	85	1
75	89	2
75	95	1
75	102	1
75	108	1
75	110	2
75	132	1
75	136	2
75	137	1
75	159	1
75	169	1
75	172	1
75	173	1
75	185	1
75	190	1
75	223	1
75	224	2
75	245	1
75	255	1
75	261	4
75	271	1
75	276	1
75	326	1
75	328	1
75	370	1
75	385	1
75	389	2
75	432	1
75	438	1
75	483	1
75	495	1
75	509	1
76	78	3
76	100	1
76	104	1
76	105	1
76	116	1
76	137	1
76	145	1
76	154	1
76	158	1
76	170	1
76	173	1
76	192	1
76	203	1
76	206	1
76	219	1
76	227	1
76	231	2
76	315	1
76	325	1
76	339	1
76	343	1
76	349	1
76	360	1
76	367	1
76	428	3
76	431	1
76	451	1
76	457	1
76	507	1
77	90	2
77	107	1
77	130	1
77	131	2
77	139	3
77	145	1
77	146	2
77	162	1
77	179	1
77	206	1
77	216	1
77	232	1
77	238	1
77	269	1
77	271	1
77	302	1
77	368	1
77	376	1
77	397	2
77	400	1
77	475	1
78	79	1
78	82	2
78	86	1
78	88	6
78	92	1
78	95	1
78	98	1
78	103	1
78	108	2
78	133	1
78	134	1
78	136	1
78	137	1
78	145	4
78	147	2
78	148	1
78	158	4
78	168	1
78	189	1
78	196	7
78	202	1
78	203	1
78	222	1
78	229	3
78	230	1
78	234	1
78	235	1
78	238	1
78	239	1
78	245	1
78	251	1
78	252	1
78	256	2
78	257	2
78	272	1
78	304	2
78	305	1
78	311	1
78	340	1
78	343	5
78	353	1
78	359	1
78	366	1
78	374	1
78	386	1
78	401	3
78	412	1
78	417	1
78	421	1
78	428	1
78	431	2
78	449	1
78	457	4
78	468	1
79	82	1
79	97	1
79	98	1
79	101	2
79	102	1
79	120	1
79	124	1
79	133	1
79	171	3
79	183	1
79	189	1
79	210	1
79	216	1
79	233	1
79	247	1
79	265	1
79	274	2
79	279	1
79	281	1
79	283	1
79	292	2
79	299	1
79	304	1
79	342	1
79	371	1
79	377	1
79	379	1
79	408	1
79	416	1
79	464	1
79	488	1
79	501	1
80	85	1
80	86	1
80	102	1
80	104	1
80	115	2
80	134	1
80	137	1
80	148	1
80	152	1
80	155	2
80	174	2
80	238	1
80	241	2
80	248	4
80	266	1
80	288	1
80	293	1
80	317	1
80	346	1
80	399	1
80	424	1
80	433	1
80	437	3
80	446	1
81	94	1
81	99	1
81	104	1
81	105	2
81	107	1
81	111	1
81	128	1
81	134	1
81	138	1
81	149	1
81	162	2
81	178	1
81	188	1
81	201	2
81	218	1
81	238	1
81	256	1
81	262	8
81	322	1
81	330	1
81	342	1
81	349	1
81	369	1
81	374	1
81	384	3
81	451	1
81	452	1
81	454	1
81	455	2
81	467	1
82	84	1
82	91	1
82	92	2
82	96	1
82	118	1
82	124	1
82	126	1
82	130	1
82	143	1
82	148	1
82	166	1
82	175	1
82	177	2
82	182	1
82	197	1
82	220	1
82	229	1
82	230	1
82	237	1
82	257	1
82	293	1
82	304	1
82	307	1
82	314	1
82	334	1
82	372	1
82	410	1
82	424	1
82	451	1
82	480	1
82	482	1
82	494	1
82	495	1
83	84	1
83	88	1
83	91	2
83	96	1
83	97	3
83	120	1
83	156	2
83	161	2
83	171	1
83	193	1
83	202	1
83	213	2
83	233	1
83	249	1
83	259	1
83	274	1
83	310	2
83	324	3
83	346	3
83	362	1
83	379	1
83	394	2
83	403	1
83	414	1
83	425	1
83	427	1
83	445	1
83	468	3
84	97	1
84	120	3
84	127	1
84	131	1
84	144	2
84	156	2
84	174	1
84	180	1
84	184	1
84	187	1
84	210	1
84	225	1
84	249	1
84	260	1
84	302	1
84	307	1
84	334	1
84	338	3
84	347	1
84	354	1
84	361	1
84	368	2
84	390	2
84	392	1
84	404	2
84	416	1
84	449	1
84	462	2
85	86	1
85	104	4
85	105	1
85	136	1
85	164	2
85	170	1
85	176	2
85	195	2
85	206	1
85	234	2
85	238	1
85	239	1
85	242	1
85	288	1
85	294	1
85	296	1
85	326	1
85	351	1
85	406	1
85	437	1
85	469	1
85	472	1
86	93	1
86	99	1
86	104	2
86	134	5
86	162	1
86	166	1
86	188	2
86	205	1
86	214	1
86	215	1
86	222	1
86	234	1
86	238	1
86	248	1
86	252	1
86	256	3
86	257	1
86	268	1
86	271	1
86	289	1
86	293	1
86	325	1
86	394	1
86	433	1
86	457	1
86	485	1
86	486	1
86	494	1
87	88	1
87	105	1
87	106	1
87	107	1
87	113	1
87	124	1
87	125	1
87	126	1
87	129	1
87	130	2
87	140	2
87	150	1
87	153	2
87	169	1
87	174	1
87	214	1
87	219	2
87	229	1
87	236	2
87	238	1
87	285	1
87	304	1
87	313	1
87	322	1
87	327	1
87	334	1
87	340	1
87	341	1
87	365	1
87	417	1
87	438	1
87	455	1
87	459	1
87	490	1
87	496	1
87	502	1
88	89	1
88	91	2
88	95	2
88	96	4
88	108	4
88	115	1
88	118	1
88	124	1
88	132	1
88	136	1
88	145	4
88	147	1
88	158	2
88	168	1
88	180	1
88	181	1
88	196	4
88	212	1
88	215	5
88	219	1
88	229	3
88	232	1
88	238	1
88	239	4
88	241	1
88	251	1
88	257	1
88	267	1
88	269	1
88	304	1
88	339	1
88	346	1
88	365	1
88	381	1
88	401	2
88	409	1
88	410	1
88	417	1
88	431	2
88	438	1
88	447	2
88	457	1
88	468	3
88	469	1
88	474	1
88	495	1
88	510	1
89	91	1
89	95	1
89	97	1
89	102	1
89	140	1
89	143	1
89	157	1
89	179	2
89	187	1
89	199	1
89	222	1
89	223	1
89	228	1
89	249	1
89	252	1
89	261	1
89	267	1
89	272	1
89	293	1
89	301	1
89	302	1
89	316	2
89	328	1
89	385	1
89	388	1
89	417	1
89	433	1
89	447	2
89	457	1
89	464	1
90	92	1
90	103	1
90	109	1
90	120	1
90	139	1
90	146	3
90	183	2
90	214	1
90	228	1
90	233	1
90	234	1
90	254	1
90	271	8
90	280	1
90	314	1
90	380	1
90	394	1
90	397	2
90	401	1
90	415	1
90	464	1
91	92	1
91	96	2
91	97	1
91	123	1
91	130	2
91	131	1
91	141	1
91	151	1
91	161	1
91	202	1
91	216	2
91	228	1
91	268	1
91	278	1
91	280	1
91	302	1
91	306	1
91	346	1
91	367	1
91	375	1
91	381	1
91	410	1
91	435	1
91	461	1
91	468	2
91	503	1
92	93	1
92	96	2
92	97	1
92	115	11
92	118	2
92	144	2
92	147	1
92	158	1
92	175	1
92	182	1
92	183	1
92	191	1
92	194	2
92	197	2
92	204	1
92	230	1
92	234	1
92	239	1
92	241	5
92	256	2
92	257	3
92	278	1
92	280	1
92	291	1
92	344	1
92	346	1
92	353	1
92	359	1
92	365	1
92	372	1
92	378	2
92	401	1
92	405	1
92	410	3
92	418	1
92	449	1
92	464	1
92	466	1
92	468	1
92	494	1
92	506	1
93	104	1
93	110	1
93	112	1
93	120	2
93	131	1
93	151	2
93	156	1
93	165	1
93	184	1
93	185	1
93	193	1
93	204	1
93	233	1
93	270	1
93	275	1
93	278	1
93	289	1
93	324	1
93	329	1
93	377	1
94	98	1
94	99	1
94	111	2
94	113	2
94	124	1
94	130	4
94	134	1
94	145	1
94	147	1
94	171	1
94	185	1
94	186	1
94	212	2
94	223	1
94	227	1
94	242	1
94	264	1
94	268	1
94	291	1
94	305	1
94	312	1
94	316	1
94	330	1
94	333	1
94	342	1
94	349	1
94	359	1
94	429	1
94	443	1
94	451	1
94	479	1
94	480	1
94	490	1
94	503	1
95	102	1
95	119	1
95	124	1
95	125	1
95	126	1
95	138	1
95	140	1
95	149	1
95	158	1
95	166	1
95	172	2
95	173	1
95	185	2
95	212	1
95	224	1
95	228	1
95	244	1
95	255	1
95	261	1
95	323	1
95	337	1
95	365	1
95	388	1
95	417	1
95	424	1
95	438	1
96	98	2
96	106	1
96	115	3
96	145	1
96	147	1
96	158	1
96	161	1
96	167	1
96	169	1
96	180	1
96	186	1
96	190	1
96	194	8
96	204	1
96	241	2
96	252	1
96	257	2
96	260	1
96	263	1
96	283	1
96	284	1
96	302	1
96	313	1
96	336	1
96	346	2
96	353	1
96	365	1
96	372	1
96	379	1
96	401	1
96	410	1
96	412	1
96	419	1
96	457	1
96	459	1
96	468	2
96	469	2
96	474	1
96	494	1
97	128	1
97	130	1
97	144	2
97	156	1
97	161	1
97	184	1
97	194	1
97	234	1
97	274	2
97	275	3
97	281	2
97	306	1
97	310	1
97	338	1
97	339	1
97	347	1
97	404	1
97	416	1
97	460	1
97	468	1
98	99	1
98	106	1
98	114	2
98	124	1
98	127	1
98	145	1
98	163	1
98	166	1
98	173	1
98	187	1
98	194	1
98	196	1
98	215	1
98	225	1
98	246	1
98	258	1
98	260	1
98	303	1
98	304	1
98	311	1
98	313	1
98	314	1
98	323	1
98	382	1
98	412	7
98	416	1
98	419	1
98	463	1
98	464	1
99	114	1
99	124	2
99	138	1
99	151	1
99	153	1
99	163	1
99	171	1
99	176	1
99	190	1
99	206	1
99	258	1
99	270	1
99	369	1
99	376	1
99	400	2
99	442	1
99	467	1
99	472	1
99	485	1
100	103	1
100	104	1
100	105	1
100	114	3
100	160	1
100	163	5
100	170	1
100	173	1
100	185	1
100	198	1
100	222	1
100	226	1
100	228	1
100	238	1
100	246	1
100	313	1
100	318	1
100	320	1
100	322	1
100	366	1
100	373	1
100	382	1
100	383	1
100	398	1
100	406	1
100	412	1
100	433	2
100	439	3
100	451	1
101	125	1
101	196	1
101	197	1
101	198	1
101	203	1
101	283	1
101	303	1
101	305	1
101	307	1
101	311	1
101	343	1
101	359	1
101	386	1
101	389	1
101	421	1
101	461	1
102	113	1
102	115	1
102	129	1
102	158	1
102	174	2
102	180	1
102	196	1
102	224	1
102	241	1
102	243	1
102	253	1
102	269	1
102	285	1
102	287	1
102	308	1
102	322	1
102	337	1
102	341	1
102	349	1
102	365	1
102	389	1
102	477	1
102	498	1
102	502	1
103	105	1
103	122	1
103	134	1
103	145	1
103	147	1
103	148	1
103	154	1
103	158	1
103	164	2
103	172	1
103	182	1
103	196	1
103	197	1
103	208	1
103	217	1
103	230	1
103	234	1
103	244	1
103	257	1
103	271	1
103	291	1
103	313	1
103	319	1
103	320	1
103	334	1
103	344	1
103	366	1
103	368	1
103	400	1
103	463	1
103	482	2
103	487	1
103	508	1
104	120	1
104	124	1
104	134	1
104	154	1
104	168	1
104	172	1
104	175	1
104	188	1
104	191	3
104	195	1
104	201	1
104	223	1
104	262	1
104	287	1
104	288	1
104	293	1
104	313	1
104	335	1
104	344	1
104	370	1
104	437	1
104	456	1
104	469	1
104	479	1
104	489	1
104	509	1
105	106	1
105	111	1
105	115	2
105	118	1
105	128	1
105	132	1
105	134	1
105	135	1
105	152	1
105	155	1
105	177	1
105	194	2
105	206	1
105	214	1
105	215	1
105	230	2
105	256	2
105	260	1
105	262	1
105	265	1
105	289	1
105	316	1
105	317	1
105	328	1
105	351	1
105	370	2
105	384	1
105	435	1
105	456	1
105	457	1
106	109	2
106	118	1
106	119	1
106	125	1
106	132	1
106	158	1
106	174	2
106	186	1
106	192	1
106	194	1
106	215	2
106	239	1
106	250	1
106	256	2
106	260	2
106	268	1
106	270	1
106	305	1
106	308	1
106	313	1
106	344	1
106	429	1
106	435	1
106	458	2
106	476	2
106	498	1
106	503	1
107	113	1
107	130	1
107	149	1
107	153	1
107	169	1
107	226	1
107	240	1
107	262	1
107	269	1
107	279	1
107	284	1
107	300	5
107	322	1
107	339	1
107	341	1
107	365	1
107	374	1
107	375	1
107	389	1
107	413	1
107	443	1
107	452	1
107	498	1
108	119	1
108	122	1
108	123	1
108	139	2
108	147	1
108	168	1
108	196	3
108	219	1
108	224	1
108	225	1
108	229	1
108	232	2
108	239	1
108	250	1
108	253	1
108	265	1
108	266	1
108	267	1
108	290	1
108	305	1
108	341	2
108	356	1
108	427	1
108	429	1
108	436	1
108	447	2
108	476	1
109	123	1
109	146	1
109	154	1
109	183	1
109	201	1
109	223	1
109	225	1
109	284	1
109	333	1
109	342	1
109	408	1
109	432	3
109	470	1
109	473	1
109	476	1
110	137	1
110	143	1
110	151	2
110	162	1
110	182	1
110	190	1
110	213	1
110	224	1
110	242	1
110	247	2
110	255	2
110	263	1
110	265	1
110	277	2
110	315	1
110	366	1
110	401	1
110	421	1
110	436	1
110	451	1
110	495	1
111	119	1
111	121	1
111	122	2
111	123	1
111	124	1
111	128	2
111	132	1
111	134	2
111	157	1
111	185	2
111	198	1
111	212	2
111	226	2
111	228	1
111	255	2
111	262	1
111	272	1
111	319	1
111	332	5
111	336	1
111	374	1
111	383	1
111	385	1
112	138	2
112	141	1
112	176	1
112	177	1
112	182	1
112	183	1
112	216	1
112	232	1
112	234	1
112	266	1
112	271	1
112	304	1
112	313	1
112	321	1
112	334	1
112	372	1
113	147	1
113	162	2
113	167	1
113	169	1
113	178	2
113	179	1
113	185	2
113	204	1
113	209	1
113	227	1
113	240	1
113	251	1
113	253	1
113	270	1
113	295	1
113	392	1
113	431	1
113	434	1
113	496	1
113	498	1
113	510	1
114	117	1
114	126	1
114	129	1
114	163	6
114	185	1
114	198	1
114	278	2
114	294	2
114	297	1
114	323	2
114	332	1
114	382	1
114	398	1
114	439	4
114	442	2
114	458	1
114	481	1
115	118	4
115	134	1
115	147	1
115	149	1
115	151	1
115	153	1
115	158	2
115	169	1
115	174	1
115	175	1
115	183	2
115	191	1
115	194	3
115	197	1
115	204	1
115	229	1
115	238	1
115	239	2
115	241	14
115	248	1
115	252	1
115	256	2
115	257	3
115	280	1
115	291	1
115	317	1
115	328	1
115	336	1
115	344	1
115	346	2
115	365	1
115	372	1
115	391	1
115	418	1
115	424	1
115	457	2
115	466	1
115	469	1
115	494	1
116	121	2
116	125	1
116	129	1
116	139	1
116	142	1
116	161	1
116	165	4
116	166	1
116	168	1
116	180	1
116	211	4
116	273	2
116	325	1
116	352	1
116	411	1
116	417	1
116	451	1
116	469	1
116	499	1
117	119	2
117	125	1
117	126	1
117	140	1
117	174	1
117	180	1
117	186	1
117	192	1
117	210	1
117	233	1
117	243	1
117	289	1
117	294	1
117	321	1
117	362	3
117	437	1
117	493	1
117	497	1
118	141	1
118	142	1
118	147	1
118	158	5
118	190	1
118	191	2
118	192	1
118	194	1
118	204	2
118	215	1
118	238	3
118	239	1
118	241	1
118	256	5
118	257	1
118	266	1
118	296	1
118	328	1
118	344	1
118	347	1
118	367	1
118	368	1
118	370	1
118	378	1
118	391	1
118	410	5
118	422	1
118	457	1
118	479	1
118	506	1
119	132	1
119	166	2
119	174	2
119	178	1
119	179	1
119	180	1
119	214	2
119	236	1
119	295	1
119	299	3
119	308	1
119	360	1
119	459	1
120	144	1
120	156	1
120	160	1
120	195	1
120	223	2
120	224	1
120	225	1
120	245	1
120	260	1
120	270	2
120	276	1
120	338	1
120	368	1
120	420	1
120	423	1
120	425	1
120	429	1
120	455	1
120	471	1
120	479	1
120	485	1
120	495	1
121	133	1
121	139	1
121	165	1
121	167	1
121	174	1
121	211	1
121	263	1
121	283	1
121	319	1
121	333	1
121	425	2
121	493	1
122	127	1
122	134	1
122	145	1
122	157	1
122	169	1
122	176	1
122	178	1
122	179	2
122	218	1
122	223	1
122	226	1
122	229	1
122	262	4
122	276	1
122	297	1
122	315	1
122	364	1
122	467	2
122	510	1
123	153	2
123	162	1
123	185	1
123	198	1
123	212	1
123	219	2
123	236	1
123	243	1
123	246	1
123	265	1
123	290	2
123	312	1
123	318	1
123	319	1
123	346	1
123	349	2
123	356	1
123	439	1
124	125	1
124	147	1
124	171	1
124	185	1
124	188	1
124	237	1
124	238	1
124	255	1
124	258	3
124	265	1
124	286	1
124	304	1
124	336	1
124	403	1
124	438	1
124	471	1
124	504	2
125	126	1
125	127	1
125	128	2
125	129	1
125	132	1
125	133	1
125	139	1
125	179	1
125	185	3
125	212	1
125	225	1
125	229	1
125	240	1
125	303	1
125	323	1
125	344	1
125	365	1
125	393	1
125	405	1
125	417	1
125	450	1
125	463	1
126	131	1
126	168	1
126	169	1
126	182	1
126	185	1
126	186	1
126	187	1
126	218	1
126	249	1
126	281	1
126	298	1
126	323	1
126	327	1
126	348	1
126	402	4
126	426	1
126	438	1
126	439	1
126	475	1
127	129	1
127	133	3
127	166	1
127	185	1
127	187	1
127	223	1
127	240	1
127	305	1
127	334	1
127	342	1
127	395	1
127	405	1
127	412	1
127	420	1
127	495	1
128	139	1
128	147	1
128	179	1
128	201	1
128	214	2
128	220	1
128	236	1
128	251	1
128	262	1
128	313	1
128	340	1
128	383	1
128	407	1
128	417	1
128	460	1
128	476	1
129	150	1
129	159	1
129	173	1
129	180	1
129	181	1
129	187	1
129	198	1
129	266	1
129	322	1
129	323	1
129	343	1
129	382	1
129	420	1
129	463	1
129	474	1
129	484	1
129	490	1
130	178	1
130	180	1
130	185	1
130	186	1
130	198	1
130	202	1
130	203	1
130	219	1
130	242	1
130	259	1
130	306	1
130	322	1
130	327	2
130	330	2
130	333	1
130	339	1
130	349	1
130	369	1
130	395	1
130	419	1
130	490	1
131	135	1
131	141	1
131	144	1
131	146	2
131	167	1
131	193	2
131	203	1
131	207	1
131	249	1
131	250	1
131	253	1
131	254	1
131	263	1
131	281	1
131	307	2
131	309	1
131	329	1
131	338	1
131	362	1
131	403	1
131	405	1
131	414	1
131	423	1
132	134	1
132	140	2
132	179	2
132	201	1
132	240	2
132	265	1
132	272	1
132	295	1
132	335	1
132	339	1
132	380	1
132	413	1
132	510	1
133	144	1
133	174	1
133	214	1
133	265	1
133	268	1
133	279	1
133	283	1
133	340	1
133	345	1
133	348	1
133	355	2
133	367	1
133	420	1
133	468	1
134	138	1
134	176	1
134	179	1
134	218	1
134	222	1
134	234	1
134	241	1
134	248	1
134	252	1
134	256	1
134	270	1
134	392	1
134	409	1
134	424	1
134	457	1
135	145	1
135	147	1
135	153	1
135	154	1
135	158	1
135	250	2
135	260	1
135	280	2
135	320	1
135	341	1
135	353	2
135	360	1
135	390	1
135	480	1
136	137	1
136	142	1
136	198	1
136	227	1
136	239	2
136	245	1
136	388	1
136	459	1
136	494	1
137	148	1
137	158	1
137	168	1
137	177	1
137	181	1
137	223	1
137	252	1
137	261	1
137	273	1
137	312	1
137	318	1
137	319	1
137	366	1
137	428	1
137	436	1
137	456	1
137	457	1
138	164	1
138	186	2
138	204	1
138	256	1
138	257	1
138	261	1
138	270	1
138	326	1
138	363	1
138	375	1
138	378	1
138	424	2
138	456	1
139	202	1
139	211	1
139	218	1
139	224	1
139	259	1
139	289	1
139	298	3
139	325	1
139	356	1
139	357	1
139	368	1
139	422	1
140	147	1
140	150	1
140	225	1
140	228	1
140	240	2
140	243	1
140	277	1
140	330	2
140	334	1
140	339	1
140	352	1
140	388	1
140	417	1
140	423	1
140	446	1
140	510	1
141	144	1
141	161	1
141	171	1
141	181	1
141	202	1
141	245	1
141	255	1
141	266	1
141	274	1
141	275	1
141	321	1
141	337	2
141	347	2
141	415	1
141	422	1
141	466	1
141	470	1
141	501	3
142	149	1
142	157	1
142	179	1
142	235	1
142	238	1
142	239	1
142	247	1
142	264	1
142	330	1
142	356	1
142	370	1
142	381	1
142	402	1
142	410	1
142	419	1
142	438	1
142	498	1
143	151	3
143	154	2
143	155	2
143	158	1
143	232	1
143	241	1
143	247	1
143	251	1
143	283	1
143	293	1
143	380	1
143	427	1
143	491	3
144	156	2
144	171	1
144	193	1
144	194	1
144	275	4
144	292	1
144	302	1
144	324	1
144	338	5
144	404	2
144	414	1
144	461	1
145	147	2
145	158	2
145	162	1
145	179	1
145	196	3
145	203	1
145	204	2
145	215	3
145	219	1
145	222	1
145	227	1
145	229	4
145	238	2
145	246	2
145	257	2
145	296	1
145	304	2
145	316	1
145	353	1
145	363	1
145	388	1
145	391	1
145	412	1
145	474	1
146	181	1
146	182	1
146	183	2
146	271	2
146	394	1
146	411	1
146	474	1
147	158	2
147	162	1
147	177	1
147	196	3
147	204	1
147	215	1
147	238	1
147	239	2
147	240	1
147	250	1
147	257	2
147	289	1
147	290	1
147	296	1
147	304	1
147	316	1
147	322	1
147	346	1
147	353	1
147	365	1
147	367	1
147	391	2
147	401	1
147	410	1
147	447	1
147	494	1
148	155	1
148	166	1
148	188	1
148	209	1
148	217	2
148	237	1
148	238	1
148	248	1
148	252	1
148	256	1
148	424	1
149	150	1
149	166	1
149	179	1
149	188	1
149	208	3
149	212	1
149	222	2
149	244	1
149	302	1
149	317	1
149	358	1
149	409	3
150	153	1
150	203	1
150	267	1
150	280	1
150	326	1
150	352	1
150	375	1
150	383	1
150	387	1
150	392	1
150	446	1
150	482	1
150	494	1
151	154	2
151	158	1
151	173	1
151	241	1
151	255	1
151	278	1
151	289	1
151	294	1
151	325	1
151	356	1
151	413	1
151	481	1
151	491	3
152	161	1
152	182	1
152	220	3
152	266	1
152	348	1
152	456	1
152	481	1
152	483	1
152	486	1
153	164	1
153	176	1
153	198	1
153	202	1
153	239	1
153	298	1
153	320	1
153	482	1
154	158	1
154	160	1
154	191	1
154	217	3
154	224	1
154	241	1
154	358	1
154	381	1
154	393	1
154	394	1
154	406	2
154	411	1
154	431	1
154	448	1
154	491	2
155	251	1
155	307	1
155	317	6
155	344	1
155	418	1
155	456	1
156	184	1
156	193	2
156	213	2
156	338	1
156	353	1
156	361	1
156	379	1
156	397	2
156	404	2
156	414	1
156	460	1
157	169	1
157	179	1
157	202	1
157	262	1
157	268	1
157	272	1
157	311	1
157	367	2
157	376	1
157	429	1
157	451	1
157	496	1
158	169	1
158	181	1
158	182	1
158	183	1
158	191	1
158	194	1
158	196	2
158	204	1
158	213	1
158	215	1
158	227	1
158	229	2
158	238	1
158	239	1
158	241	2
158	250	2
158	252	1
158	256	3
158	257	2
158	278	1
158	285	1
158	287	1
158	296	2
158	336	1
158	353	1
158	389	1
158	417	1
158	422	2
158	428	1
158	457	1
158	469	1
158	491	1
158	494	1
159	164	1
159	173	1
159	428	1
159	478	1
159	484	1
160	161	1
160	169	2
160	288	1
160	310	1
160	347	1
160	393	1
160	411	1
160	415	1
160	423	1
160	434	1
160	439	1
160	443	2
160	455	1
161	168	1
161	177	1
161	202	1
161	211	2
161	212	1
161	274	2
161	302	1
161	310	1
161	329	1
161	331	1
161	347	1
161	362	2
161	380	1
161	415	1
161	445	1
161	501	2
162	169	1
162	179	2
162	188	1
162	238	1
162	239	1
162	242	1
162	246	1
162	257	1
162	276	1
162	289	1
162	294	1
162	300	1
162	312	1
162	315	1
162	318	1
162	363	1
162	427	1
162	441	1
162	455	1
162	498	1
163	173	1
163	182	1
163	226	1
163	228	1
163	278	1
163	313	1
163	387	1
163	412	1
163	433	1
163	439	3
163	442	1
163	451	1
163	481	1
163	506	1
164	176	5
164	197	2
164	224	1
164	230	1
164	242	1
164	244	2
164	248	1
164	286	1
164	303	4
164	346	1
164	356	2
164	373	1
164	424	1
164	430	1
164	481	1
164	483	1
164	487	1
165	195	5
165	214	1
165	291	1
165	321	1
165	341	1
165	423	1
165	492	1
165	499	1
165	502	1
166	185	1
166	196	1
166	203	1
166	204	1
166	215	2
166	228	1
166	256	1
166	257	1
166	272	1
166	284	1
166	308	1
166	334	2
166	420	1
166	422	1
166	438	1
166	447	1
166	467	1
166	494	1
167	171	1
167	181	1
167	193	1
167	216	1
167	263	1
167	279	1
167	283	1
167	501	1
168	178	1
168	201	1
168	211	1
168	236	1
168	290	1
168	330	1
168	353	1
168	357	1
168	388	1
168	395	1
168	454	1
168	494	1
168	510	1
169	194	1
169	204	1
169	219	1
169	241	1
169	253	1
169	257	1
169	279	1
169	336	1
169	351	1
169	384	1
169	395	1
169	398	1
169	434	1
169	469	1
170	172	1
170	173	1
170	190	1
170	219	1
170	238	1
170	259	1
170	297	1
170	315	1
170	335	1
170	346	1
170	366	1
170	386	1
170	405	1
170	406	1
170	408	1
170	444	1
170	478	1
170	486	1
170	490	1
170	505	1
170	509	1
171	180	1
171	193	1
171	274	2
171	275	2
171	298	1
171	310	1
171	313	1
171	322	1
171	330	1
172	190	1
172	234	1
172	252	1
172	276	1
172	435	1
172	489	1
173	312	1
173	315	1
173	319	1
173	325	1
173	386	3
173	426	1
173	451	1
173	463	1
174	180	1
174	181	1
174	241	1
174	308	1
174	383	1
174	422	1
174	503	1
175	177	1
175	188	1
175	220	1
175	236	1
175	241	1
175	242	1
175	270	1
175	287	1
175	298	1
175	321	1
175	351	1
175	357	1
176	242	1
176	244	2
176	272	1
176	303	2
176	430	1
176	472	1
176	479	1
177	212	1
177	220	1
177	223	1
177	242	1
177	265	1
177	285	1
177	317	1
177	407	1
177	435	2
178	185	2
178	187	1
178	203	1
178	227	1
178	270	1
178	322	2
178	331	1
178	342	1
178	386	1
178	409	1
178	439	1
178	455	1
178	467	1
178	497	1
179	198	1
179	206	1
179	212	1
179	223	1
179	238	1
179	303	1
179	389	1
179	476	1
180	187	1
180	215	1
180	295	1
180	320	1
180	330	1
180	392	1
180	459	2
180	477	1
180	505	1
181	223	1
181	225	1
181	252	1
181	344	1
181	421	1
181	506	1
182	201	1
182	271	1
182	277	1
182	298	1
182	319	1
182	348	1
182	376	1
182	493	1
183	211	1
183	229	1
183	232	1
183	233	1
183	241	1
183	247	1
183	252	1
183	271	2
183	281	1
183	301	1
183	310	1
183	336	1
183	357	1
183	427	1
183	464	1
183	466	1
184	187	2
184	203	1
184	274	1
184	277	1
184	292	1
184	299	2
184	361	1
184	404	1
184	460	3
185	212	2
185	253	1
185	255	1
185	258	1
185	322	1
185	323	1
185	450	1
185	477	1
186	194	1
186	205	1
186	208	1
186	212	1
186	240	1
186	247	1
186	283	1
186	328	1
186	408	1
186	490	1
186	496	1
186	509	1
187	275	2
187	371	1
187	394	1
187	402	1
187	409	1
187	417	1
187	455	1
187	459	1
187	461	1
187	497	1
188	202	2
188	205	1
188	217	1
188	222	1
188	251	1
188	292	1
188	319	1
188	364	1
188	378	1
188	406	1
189	227	1
189	296	1
189	355	2
189	500	1
190	194	1
190	204	1
190	244	1
190	248	2
190	255	1
190	303	1
190	319	1
190	325	1
190	344	1
190	350	1
190	410	1
190	505	1
191	224	2
191	227	1
191	238	1
191	241	1
191	256	2
191	319	1
191	335	1
191	344	1
191	387	1
191	406	1
191	430	1
191	456	1
191	481	1
191	489	1
191	509	1
192	199	1
192	216	1
192	233	1
192	248	2
192	278	1
192	303	1
192	351	1
192	387	1
192	430	2
192	456	1
192	458	1
192	489	2
193	203	1
193	216	1
193	254	1
193	275	1
193	306	1
193	338	1
193	379	2
193	403	1
193	416	1
193	461	1
193	466	1
194	199	1
194	204	1
194	211	2
194	215	1
194	221	1
194	241	2
194	256	1
194	257	1
194	282	1
194	283	1
194	299	1
194	336	1
194	362	1
194	372	1
194	402	1
194	412	1
194	419	1
194	435	1
194	468	2
194	469	6
194	506	1
195	221	1
195	234	1
195	293	1
195	336	1
195	419	1
195	499	1
195	502	1
196	225	1
196	229	1
196	232	1
196	245	1
196	257	1
196	267	1
196	287	1
196	290	1
196	304	1
196	305	1
196	334	1
196	341	1
196	343	1
196	359	2
196	389	1
196	412	1
196	447	1
197	203	1
197	220	1
197	230	2
197	241	1
197	345	1
197	353	1
197	378	1
197	399	1
197	418	1
197	423	1
197	424	1
198	268	1
198	280	1
198	381	1
198	492	1
199	202	1
199	212	1
199	266	1
199	269	1
199	280	1
199	305	1
199	325	1
199	387	1
199	430	1
199	446	1
199	456	1
199	470	2
199	475	1
199	489	1
200	237	1
201	335	2
201	367	1
201	369	1
201	451	1
201	454	1
201	510	1
202	209	1
202	211	1
202	287	1
202	356	1
202	374	1
202	421	1
202	458	1
202	470	2
203	223	1
203	340	1
203	345	1
203	356	1
203	373	1
203	392	1
203	399	1
203	427	1
203	467	1
204	215	2
204	236	1
204	238	2
204	241	1
204	256	1
204	257	3
204	336	1
204	353	2
204	368	1
204	388	2
204	410	2
204	417	1
204	422	1
204	445	1
204	449	1
204	456	1
204	469	1
204	484	1
204	494	1
205	236	1
205	269	1
205	366	1
205	428	1
205	471	1
205	475	1
205	502	1
206	226	1
206	232	1
206	325	1
206	337	1
208	244	1
208	272	1
208	276	1
208	285	1
208	300	1
208	303	1
208	349	1
208	384	1
208	409	1
208	411	1
209	222	1
209	268	1
209	273	1
209	326	1
209	356	1
209	496	1
210	220	1
210	221	2
210	247	1
210	291	1
210	294	1
210	355	1
210	362	1
210	379	1
210	468	1
210	469	1
210	493	2
211	221	1
211	237	1
211	263	1
211	281	1
211	282	2
211	283	1
211	325	1
211	348	1
211	362	1
211	392	1
211	402	1
211	465	2
211	466	1
211	468	1
211	469	2
212	215	1
212	223	1
212	240	1
212	266	1
212	269	2
212	291	1
212	305	1
212	357	1
212	365	1
212	409	2
212	453	2
212	455	1
212	475	1
213	250	1
213	259	1
213	265	1
213	309	1
213	354	1
213	379	1
213	380	1
213	412	1
213	422	1
213	462	2
213	468	1
214	217	1
214	218	1
214	228	1
214	236	1
214	248	1
214	251	1
214	291	1
214	459	1
214	481	1
214	502	1
215	229	1
215	238	1
215	239	1
215	256	3
215	257	1
215	269	1
215	304	1
215	308	1
215	363	1
215	365	1
215	409	1
215	410	1
215	412	1
215	422	2
215	435	1
215	458	1
215	494	1
215	510	1
216	302	1
216	351	1
216	372	1
216	377	1
216	381	1
216	416	1
216	435	1
216	509	1
217	364	2
217	384	1
217	394	1
217	406	2
218	221	1
218	244	1
218	358	1
218	426	1
218	493	1
219	223	1
219	265	1
219	289	1
219	349	1
219	367	1
219	398	1
219	420	1
219	490	1
220	256	1
220	293	1
220	355	1
220	360	1
220	393	1
220	468	1
220	469	1
220	481	1
221	227	1
221	279	1
221	353	1
221	355	1
221	358	1
221	362	1
221	415	2
221	469	1
221	500	1
222	232	1
222	234	1
222	252	1
222	256	1
222	269	1
222	353	1
222	365	1
222	384	1
222	391	1
222	454	1
222	457	1
223	245	1
223	252	1
223	285	1
223	408	1
223	455	1
223	470	1
223	495	1
224	244	1
224	255	1
224	270	1
224	316	1
224	373	1
224	451	1
224	472	1
225	276	1
225	341	1
225	471	1
225	496	1
226	287	1
226	375	1
226	383	1
226	442	1
226	485	1
227	229	1
227	270	1
227	296	4
227	310	1
227	355	1
227	360	1
227	387	1
227	476	1
228	249	1
228	259	1
228	388	1
228	433	1
228	436	1
228	503	1
229	232	1
229	238	1
229	239	1
229	251	1
229	252	1
229	296	1
229	308	1
229	343	1
229	410	1
229	422	1
229	458	1
230	237	1
230	257	1
230	321	1
230	345	1
230	493	1
230	499	1
231	286	1
231	294	1
231	297	1
231	343	1
231	484	1
231	508	1
232	250	1
232	269	1
232	279	1
232	290	1
232	367	1
232	400	1
232	422	1
232	438	1
233	247	1
233	259	1
233	265	1
233	278	1
233	282	1
233	298	1
233	329	1
233	397	1
234	239	1
234	252	3
234	256	1
234	257	1
234	278	1
234	399	1
234	457	1
234	489	1
234	494	1
234	497	1
235	311	1
235	312	1
235	343	1
235	350	1
235	419	1
235	440	1
235	478	1
235	484	1
236	265	1
236	269	1
236	329	1
236	340	1
236	353	1
236	354	1
236	445	1
236	449	1
236	459	1
236	475	1
236	494	1
237	326	1
237	383	1
237	465	2
237	466	1
237	467	1
237	501	1
238	239	2
238	241	1
238	256	4
238	291	1
238	304	2
238	343	1
238	346	1
238	366	1
238	368	1
238	370	1
238	410	2
238	438	1
239	247	1
239	249	1
239	251	1
239	256	1
239	257	3
239	278	1
239	289	1
239	410	2
239	494	1
240	269	1
240	273	1
240	342	1
240	391	1
240	394	1
240	395	1
241	248	1
241	256	1
241	257	1
241	280	1
241	281	1
241	336	1
241	344	1
241	346	1
241	372	1
241	391	1
241	424	1
241	457	1
241	464	1
241	469	1
241	491	1
242	246	1
242	291	1
242	296	1
242	315	2
242	333	1
242	351	1
242	378	1
242	470	1
243	398	1
243	459	1
244	261	1
244	303	1
244	373	1
244	406	1
244	479	1
244	487	3
244	489	1
245	255	3
245	272	1
245	453	1
245	479	1
246	296	1
246	304	1
246	312	1
246	330	1
246	376	1
246	383	1
246	432	1
246	486	1
247	254	1
247	317	1
247	338	1
247	345	2
247	391	1
247	402	1
248	303	1
248	309	1
248	424	1
248	430	1
248	437	1
248	489	1
249	298	1
249	361	1
249	471	1
250	301	1
250	335	1
250	353	1
250	388	1
250	422	1
250	429	1
251	317	1
251	328	1
251	346	1
252	256	1
252	261	1
252	357	1
252	370	1
252	430	1
252	457	2
253	267	1
253	276	1
253	302	1
253	349	1
253	351	2
253	395	1
253	434	1
253	461	1
254	279	1
254	299	1
254	379	1
254	403	1
255	270	1
255	286	1
255	316	1
255	332	2
255	453	1
256	257	3
256	296	1
256	328	1
256	344	1
256	353	1
256	378	1
256	435	1
256	456	1
256	457	2
256	494	1
257	278	1
257	289	1
257	291	1
257	336	1
257	343	1
257	379	1
257	388	1
257	418	1
257	456	1
257	469	1
257	494	1
258	396	1
259	267	1
259	298	1
259	357	1
259	371	1
259	436	1
259	480	1
260	265	2
260	313	1
260	336	1
260	370	1
260	405	1
260	435	1
260	445	1
261	289	1
261	316	1
261	318	1
261	370	1
262	452	1
262	455	1
262	510	1
263	377	1
263	460	1
263	492	1
264	330	1
265	340	1
265	345	1
265	370	1
265	389	1
265	405	1
265	417	1
265	435	1
265	445	2
265	492	1
266	269	1
266	305	1
266	347	1
266	403	1
266	422	1
266	427	1
266	475	1
267	280	1
267	284	1
267	363	1
267	375	1
267	447	1
268	305	1
268	367	2
268	381	1
268	394	1
268	395	1
269	290	1
269	305	1
269	322	1
269	342	1
269	365	3
269	384	1
269	391	1
269	409	1
269	475	8
269	477	1
270	276	1
270	278	1
270	298	1
270	316	1
270	467	1
271	351	1
271	380	1
271	397	1
271	486	1
272	340	1
272	353	1
272	389	1
272	393	1
273	304	1
273	319	1
273	342	1
273	395	1
273	415	1
273	436	1
274	310	1
274	347	1
274	352	1
274	362	1
274	415	1
274	501	2
275	281	1
275	324	1
275	338	1
275	347	1
275	361	1
275	371	1
275	404	1
275	414	1
275	461	2
276	300	1
276	363	1
276	453	1
276	463	1
277	330	1
277	381	1
278	442	1
278	481	1
278	494	1
279	292	1
280	325	1
280	387	1
280	434	1
280	447	1
281	329	1
281	338	1
281	348	3
281	464	1
281	466	1
281	488	1
281	506	1
282	283	2
282	298	1
282	346	1
282	402	1
282	407	1
282	423	1
282	465	1
282	468	1
282	469	1
283	340	1
283	407	1
283	408	2
283	418	1
283	465	5
284	352	1
284	360	1
284	363	2
284	447	1
284	458	1
285	341	2
285	358	1
285	422	1
286	507	1
287	389	1
287	465	1
287	480	1
288	336	1
288	372	1
288	467	1
289	328	1
289	456	1
290	295	1
290	330	1
290	446	1
291	314	1
291	418	1
291	463	2
291	503	1
292	361	2
292	416	1
292	460	1
293	334	1
293	340	1
293	480	1
295	369	1
296	301	1
296	304	1
296	326	1
296	376	1
297	447	1
298	357	1
298	422	1
299	309	1
299	324	1
299	361	1
299	389	1
299	459	1
300	374	1
300	498	1
301	331	1
302	306	1
302	310	1
302	313	1
302	354	1
302	361	1
302	390	1
302	461	1
303	351	1
303	412	1
303	430	1
303	481	1
304	385	1
304	412	1
304	420	1
304	438	1
304	473	1
305	343	2
305	359	2
305	429	1
305	449	1
305	467	1
305	475	1
306	318	1
306	361	1
306	377	1
306	391	1
306	405	1
307	344	1
307	479	1
308	458	1
308	503	1
309	362	1
309	415	1
309	462	1
309	466	1
309	480	1
309	492	1
310	313	1
310	354	1
310	393	1
311	328	1
311	343	1
311	367	1
311	382	1
311	386	1
312	366	1
312	485	1
313	354	1
313	412	1
313	439	1
314	348	1
314	412	1
314	503	1
315	486	2
316	350	1
317	418	1
318	489	1
319	335	1
319	374	1
319	406	1
319	436	1
319	481	1
320	322	1
320	329	1
322	358	1
322	365	1
322	384	1
322	477	1
323	332	1
323	440	1
324	354	1
324	403	1
324	414	2
324	492	1
324	499	1
325	356	1
326	351	1
326	380	1
326	496	1
327	330	1
327	419	1
327	474	1
327	475	1
327	477	1
327	495	1
327	506	1
328	385	1
328	457	2
328	463	1
329	506	1
330	366	1
330	374	1
330	382	1
330	432	1
330	478	1
330	508	1
331	338	1
331	380	2
331	429	1
331	497	1
332	439	1
333	473	1
334	365	1
335	481	1
336	419	2
336	469	1
336	473	1
337	369	1
337	454	1
337	501	2
337	510	1
338	347	1
338	361	1
339	441	1
339	495	1
340	353	1
340	392	1
340	401	1
340	420	1
340	445	1
340	460	1
341	358	1
342	359	1
342	408	2
342	473	1
343	359	1
343	382	1
343	386	1
343	421	2
343	457	1
343	508	1
344	370	1
344	373	1
344	437	1
344	482	1
344	503	1
344	506	1
345	347	1
345	399	1
345	493	1
346	349	1
346	365	1
346	394	2
346	468	1
346	486	1
346	494	1
347	377	1
347	404	1
347	415	1
347	422	1
347	501	1
348	377	1
348	488	1
349	367	1
349	428	1
350	407	1
350	478	1
350	486	1
351	354	1
351	395	1
351	487	1
352	446	1
352	490	1
353	388	1
353	391	1
353	494	1
354	412	1
354	506	1
355	421	1
355	468	1
355	469	1
356	373	1
356	439	1
356	483	1
357	384	1
357	413	1
357	453	1
358	371	1
358	407	1
359	383	1
359	429	1
359	464	1
360	449	1
361	377	1
361	379	1
361	460	1
361	500	1
362	469	1
363	498	1
364	437	1
365	384	1
365	389	1
365	393	1
365	409	1
365	477	1
365	494	1
365	497	1
366	382	1
366	444	1
366	457	1
366	478	1
366	508	1
367	391	1
368	390	1
368	462	1
369	451	1
370	410	1
370	437	1
370	445	1
371	431	1
372	410	1
373	420	1
373	482	2
374	421	1
376	391	1
376	436	1
376	496	1
377	422	1
378	410	1
380	389	1
380	441	1
381	402	1
382	440	1
382	478	1
382	507	1
382	508	1
384	497	1
385	396	1
385	432	1
385	473	1
386	437	1
387	428	1
387	430	1
387	456	1
387	505	1
387	506	1
388	433	1
389	393	1
389	441	1
390	488	1
391	457	1
391	475	1
392	397	1
392	401	1
393	411	1
394	412	1
395	454	1
396	504	1
397	414	1
399	459	1
399	497	1
400	448	1
400	492	1
401	421	3
401	431	2
402	445	1
402	468	1
402	469	1
403	414	2
403	423	1
403	461	1
404	414	1
406	487	1
408	465	2
408	470	1
408	496	1
409	455	1
411	499	1
412	419	1
412	439	1
414	423	1
415	461	1
415	500	1
415	501	1
416	423	1
417	445	1
417	484	1
419	484	1
421	508	1
422	428	1
427	441	1
427	445	1
428	457	1
429	451	1
429	485	1
429	495	1
430	456	1
430	481	1
430	489	1
430	509	1
432	440	1
432	509	1
433	452	1
434	445	1
434	461	1
434	479	1
435	489	1
439	447	1
440	507	1
441	470	1
444	478	1
445	479	1
445	484	1
447	457	1
448	450	2
450	486	1
450	504	1
450	505	1
451	479	1
453	455	1
465	466	1
468	469	3
470	485	1
472	491	1
478	508	2
485	495	1
495	506	1
499	502	1
