1	2	17
1	3	11
1	4	123
1	5	37
1	6	57
1	7	57
1	8	42
1	9	43
1	10	52
1	11	13
1	12	36
1	13	26
1	14	31
1	15	87
1	16	24
1	17	27
1	18	44
1	19	12
1	20	25
1	21	22
1	22	17
1	23	16
1	24	11
1	25	13
1	26	25
1	27	23
1	28	11
1	29	12
1	30	11
1	31	28
1	32	8
1	33	3
1	34	8
1	35	13
1	36	12
1	37	29
1	38	7
1	39	23
1	40	15
1	41	5
1	42	17
1	43	12
1	44	11
1	45	24
1	46	3
1	47	7
1	48	5
1	49	6
1	50	12
1	51	12
1	53	9
1	54	18
1	55	5
1	56	13
1	58	5
1	59	5
1	60	17
1	61	4
1	62	9
1	63	13
1	64	5
1	65	5
1	66	13
1	67	8
1	68	3
1	69	6
1	70	8
1	71	7
1	72	10
1	73	3
1	74	8
1	75	3
1	76	3
1	77	5
1	78	4
1	79	8
1	80	9
1	81	3
1	82	2
1	83	5
1	84	5
1	85	8
1	86	4
1	87	1
1	89	6
1	90	2
1	91	5
1	92	2
1	93	2
1	94	2
1	95	8
1	96	2
1	97	3
1	98	3
1	99	1
1	100	2
1	101	8
1	102	7
1	103	9
1	104	5
1	105	7
1	106	4
1	107	4
1	108	2
1	109	1
1	110	4
1	111	7
1	112	8
1	113	1
1	114	4
1	115	3
1	116	7
1	117	1
1	118	5
1	119	8
1	120	5
1	121	2
1	122	2
1	123	7
1	124	1
1	125	8
1	126	4
1	127	5
1	128	3
1	129	4
1	131	3
1	132	1
1	133	2
1	134	1
1	135	2
1	136	7
1	137	5
1	138	3
1	139	3
1	140	6
1	141	6
1	142	5
1	143	1
1	144	10
1	145	3
1	146	1
1	147	7
1	148	3
1	149	1
1	150	3
1	151	2
1	152	2
1	153	2
1	154	3
1	155	5
1	156	4
1	157	2
1	158	12
1	159	1
1	160	3
1	161	4
1	162	4
1	163	7
1	164	3
1	165	8
1	166	4
1	168	4
1	169	3
1	170	3
1	171	2
1	172	1
1	173	3
1	174	1
1	175	3
1	176	2
1	177	3
1	178	3
1	179	8
1	180	3
1	181	1
1	182	6
1	183	3
1	184	1
1	185	1
1	186	1
1	187	1
1	188	10
1	189	4
1	191	4
1	192	4
1	193	3
1	194	5
1	195	6
1	196	6
1	197	2
1	198	5
1	199	9
1	200	2
1	201	3
1	202	6
1	203	6
1	204	4
1	205	2
1	207	4
1	209	4
1	211	6
1	212	2
1	213	2
1	214	1
1	215	3
1	216	2
1	217	4
1	218	4
1	219	2
1	220	2
1	221	2
1	222	2
1	223	4
1	224	4
1	225	4
1	226	2
1	227	3
1	228	7
1	229	3
1	230	1
1	231	3
1	232	3
1	233	6
1	234	1
1	235	2
1	236	3
1	237	1
1	238	2
1	239	2
1	240	1
1	241	4
1	242	5
1	243	4
1	246	1
1	248	3
1	249	6
1	250	2
1	253	3
1	254	4
1	255	3
1	256	1
1	257	3
1	258	1
1	260	2
1	261	4
1	262	2
1	263	8
1	264	1
1	265	7
1	266	6
1	267	2
1	268	2
1	269	2
1	271	1
1	272	1
1	273	4
1	274	1
1	275	2
1	276	4
1	277	4
1	278	4
1	279	1
1	280	3
1	281	2
1	282	2
1	283	3
1	284	1
1	286	1
1	287	1
1	288	1
1	289	2
1	290	3
1	291	4
1	292	1
1	293	1
1	294	2
1	295	1
1	297	1
1	298	2
1	299	4
1	300	1
1	301	2
1	303	2
1	304	2
1	305	1
1	306	3
1	307	1
1	308	8
1	309	2
1	310	5
1	311	1
1	312	4
1	313	1
1	314	7
1	315	5
1	316	5
1	317	5
1	318	1
1	319	3
1	320	2
1	321	1
1	322	1
1	323	1
1	325	2
1	328	1
1	329	1
1	330	2
1	331	8
1	332	2
1	333	1
1	336	3
1	337	4
1	338	1
1	339	2
1	341	2
1	342	2
1	343	1
1	344	5
1	345	2
1	346	2
1	349	4
1	350	1
1	352	2
1	353	2
1	354	2
1	355	1
1	358	4
1	360	1
1	361	4
1	362	1
1	363	5
1	364	1
1	365	1
1	366	5
1	367	2
1	368	1
2	3	10
2	4	9
2	5	47
2	6	20
2	7	30
2	8	42
2	9	11
2	10	46
2	11	62
2	12	22
2	13	21
2	14	17
2	15	4
2	16	16
2	17	30
2	18	10
2	19	1
2	20	10
2	21	6
2	22	10
2	23	4
2	24	11
2	25	3
2	26	7
2	27	2
2	28	14
2	29	7
2	30	13
2	31	3
2	32	11
2	34	9
2	35	4
2	36	3
2	37	6
2	38	10
2	39	3
2	40	3
2	41	5
2	42	7
2	43	5
2	44	9
2	45	5
2	46	4
2	47	6
2	48	12
2	49	6
2	50	3
2	51	7
2	52	5
2	53	7
2	55	3
2	56	7
2	57	2
2	58	10
2	59	6
2	60	2
2	61	4
2	62	5
2	63	5
2	64	5
2	65	6
2	67	5
2	68	2
2	70	2
2	71	5
2	73	4
2	74	1
2	75	7
2	76	8
2	77	3
2	78	6
2	79	3
2	80	3
2	82	6
2	83	5
2	84	7
2	86	6
2	87	3
2	89	5
2	90	10
2	91	6
2	92	4
2	93	5
2	94	1
2	95	1
2	96	3
2	97	5
2	98	2
2	99	6
2	100	1
2	104	3
2	106	6
2	107	5
2	108	7
2	109	3
2	110	5
2	111	2
2	112	4
2	113	2
2	114	3
2	115	7
2	116	2
2	117	5
2	118	3
2	119	2
2	120	3
2	121	3
2	122	1
2	124	4
2	125	2
2	126	2
2	128	1
2	129	3
2	131	2
2	132	1
2	133	3
2	134	4
2	136	5
2	138	4
2	139	2
2	142	6
2	143	1
2	144	2
2	146	7
2	148	10
2	149	3
2	150	1
2	151	2
2	152	1
2	153	2
2	154	5
2	156	4
2	157	4
2	159	1
2	160	5
2	161	2
2	162	3
2	163	1
2	164	3
2	165	2
2	166	2
2	167	2
2	170	3
2	171	6
2	172	7
2	173	4
2	174	1
2	175	1
2	176	5
2	177	2
2	178	6
2	179	1
2	180	5
2	181	4
2	182	2
2	183	4
2	185	6
2	186	4
2	187	2
2	188	1
2	190	1
2	191	2
2	192	3
2	193	1
2	194	2
2	195	2
2	196	1
2	197	3
2	198	3
2	200	5
2	201	1
2	202	3
2	204	2
2	205	5
2	206	2
2	207	3
2	208	3
2	209	1
2	212	1
2	213	1
2	214	5
2	215	4
2	216	3
2	217	3
2	218	3
2	219	1
2	220	5
2	221	5
2	222	5
2	224	1
2	225	1
2	226	2
2	227	1
2	228	3
2	229	2
2	230	2
2	232	4
2	233	1
2	234	1
2	235	1
2	236	2
2	240	2
2	243	2
2	244	3
2	245	5
2	246	2
2	247	1
2	248	1
2	250	2
2	252	6
2	254	1
2	256	8
2	258	1
2	259	7
2	260	4
2	261	2
2	262	1
2	263	1
2	264	3
2	266	1
2	267	1
2	268	3
2	269	2
2	270	1
2	271	2
2	273	2
2	274	5
2	275	2
2	276	1
2	277	1
2	279	1
2	280	3
2	281	2
2	282	1
2	284	1
2	285	1
2	286	2
2	287	1
2	288	1
2	289	2
2	290	1
2	292	1
2	294	4
2	295	1
2	296	3
2	299	1
2	300	4
2	301	3
2	303	1
2	305	1
2	306	1
2	310	1
2	311	4
2	312	1
2	315	1
2	316	2
2	318	1
2	321	5
2	322	5
2	323	1
2	324	1
2	326	3
2	327	5
2	328	1
2	332	2
2	333	3
2	334	1
2	335	3
2	336	3
2	338	4
2	339	1
2	341	4
2	344	2
2	345	1
2	346	1
2	347	1
2	350	1
2	352	3
2	353	1
2	354	1
2	356	4
2	357	4
2	358	4
2	359	6
2	360	2
2	361	3
2	362	2
2	364	2
2	366	1
2	367	3
3	4	8
3	5	28
3	6	10
3	7	21
3	8	12
3	9	4
3	10	27
3	11	13
3	12	7
3	13	8
3	14	11
3	15	1
3	16	2
3	17	15
3	18	6
3	19	3
3	20	9
3	21	7
3	22	5
3	23	9
3	24	4
3	26	5
3	28	30
3	29	5
3	30	4
3	31	1
3	32	3
3	33	1
3	34	11
3	35	2
3	36	1
3	38	2
3	39	1
3	40	13
3	42	1
3	43	2
3	44	5
3	45	1
3	46	2
3	47	2
3	48	4
3	49	1
3	50	1
3	52	29
3	53	1
3	54	1
3	55	2
3	56	7
3	57	12
3	58	12
3	59	8
3	60	1
3	61	8
3	63	3
3	64	2
3	67	4
3	71	3
3	73	3
3	74	1
3	75	5
3	76	6
3	77	4
3	78	2
3	79	1
3	80	3
3	81	5
3	82	1
3	83	4
3	85	2
3	86	1
3	87	3
3	88	14
3	89	3
3	90	10
3	91	3
3	92	3
3	93	1
3	96	1
3	97	4
3	99	6
3	100	1
3	104	2
3	105	3
3	106	3
3	107	9
3	108	6
3	109	1
3	110	2
3	113	8
3	114	2
3	115	2
3	116	1
3	117	1
3	118	2
3	119	2
3	121	4
3	122	2
3	123	2
3	124	6
3	127	1
3	128	1
3	131	4
3	133	2
3	134	6
3	136	5
3	137	1
3	139	3
3	142	1
3	145	2
3	146	1
3	147	1
3	148	3
3	149	2
3	150	3
3	151	2
3	152	1
3	153	5
3	154	1
3	155	1
3	156	1
3	157	2
3	159	2
3	160	4
3	161	1
3	162	1
3	164	2
3	167	3
3	168	2
3	170	2
3	171	2
3	172	1
3	173	1
3	174	1
3	175	3
3	176	1
3	177	2
3	178	3
3	180	1
3	181	1
3	183	1
3	184	3
3	185	2
3	186	3
3	189	4
3	190	5
3	192	1
3	193	2
3	195	1
3	196	1
3	197	1
3	200	1
3	201	4
3	203	1
3	204	2
3	206	1
3	207	1
3	208	2
3	209	1
3	214	2
3	215	1
3	216	2
3	221	1
3	222	1
3	224	2
3	226	1
3	229	3
3	230	3
3	231	2
3	238	4
3	240	2
3	243	1
3	244	2
3	245	2
3	249	1
3	250	1
3	251	5
3	253	3
3	255	3
3	256	2
3	258	3
3	259	1
3	261	1
3	264	3
3	268	2
3	271	1
3	273	2
3	274	1
3	275	3
3	278	1
3	279	1
3	280	2
3	281	2
3	283	4
3	284	4
3	285	2
3	286	3
3	287	1
3	288	1
3	289	1
3	290	3
3	291	2
3	294	2
3	295	1
3	296	1
3	299	1
3	300	2
3	304	3
3	305	4
3	311	2
3	312	1
3	313	4
3	314	1
3	318	4
3	323	3
3	324	3
3	325	2
3	326	3
3	327	1
3	328	2
3	329	2
3	332	1
3	333	1
3	338	1
3	339	2
3	341	2
3	342	3
3	343	3
3	344	1
3	346	1
3	347	2
3	350	2
3	352	1
3	353	1
3	355	3
3	356	5
3	357	1
3	361	3
3	362	2
3	364	1
3	365	1
3	367	1
3	368	1
4	5	8
4	6	11
4	7	4
4	8	18
4	9	19
4	10	2
4	12	13
4	13	4
4	14	3
4	15	23
4	16	11
4	17	1
4	18	2
4	19	7
4	20	3
4	21	3
4	22	4
4	23	5
4	25	9
4	26	4
4	27	2
4	29	3
4	30	3
4	31	6
4	32	2
4	35	10
4	36	6
4	37	5
4	38	2
4	39	14
4	40	1
4	41	9
4	43	13
4	45	1
4	48	1
4	50	7
4	51	6
4	53	2
4	54	3
4	55	2
4	56	6
4	60	1
4	62	3
4	63	1
4	65	3
4	66	8
4	67	2
4	68	5
4	69	3
4	70	1
4	72	4
4	73	2
4	76	1
4	78	1
4	79	1
4	80	1
4	81	1
4	84	1
4	85	2
4	86	9
4	87	1
4	89	2
4	90	1
4	91	3
4	92	1
4	94	3
4	95	3
4	96	1
4	98	1
4	99	1
4	100	2
4	102	2
4	105	3
4	107	3
4	108	2
4	112	4
4	114	1
4	116	4
4	119	1
4	120	3
4	122	1
4	123	3
4	125	3
4	126	3
4	138	1
4	140	3
4	141	4
4	145	5
4	147	3
4	149	1
4	150	1
4	151	1
4	155	3
4	165	3
4	169	1
4	170	1
4	172	2
4	174	2
4	175	1
4	179	1
4	182	1
4	184	2
4	189	2
4	193	4
4	195	3
4	196	1
4	200	1
4	201	1
4	202	1
4	208	1
4	209	2
4	210	1
4	211	1
4	212	3
4	213	1
4	220	1
4	222	2
4	224	3
4	225	1
4	227	3
4	229	2
4	233	3
4	234	1
4	235	1
4	236	1
4	237	1
4	238	4
4	239	1
4	243	1
4	247	1
4	249	1
4	251	1
4	253	1
4	254	1
4	257	3
4	262	1
4	263	1
4	267	1
4	268	1
4	270	1
4	273	2
4	277	1
4	280	1
4	283	1
4	284	1
4	286	1
4	289	1
4	291	4
4	293	2
4	296	1
4	298	3
4	299	4
4	302	1
4	303	1
4	307	1
4	308	1
4	312	1
4	313	1
4	314	2
4	315	1
4	319	2
4	322	2
4	335	3
4	336	1
4	338	1
4	345	1
4	346	2
4	349	2
4	363	1
4	366	2
4	367	4
5	6	20
5	7	1
5	8	9
5	9	4
5	10	2
5	11	3
5	12	5
5	13	2
5	14	7
5	15	1
5	16	2
5	17	2
5	18	2
5	20	4
5	21	1
5	22	5
5	23	1
5	24	1
5	25	5
5	26	4
5	28	2
5	29	23
5	30	4
5	34	2
5	35	5
5	36	3
5	38	4
5	39	1
5	41	1
5	43	3
5	45	1
5	47	2
5	48	2
5	51	5
5	53	13
5	57	1
5	58	18
5	62	1
5	63	2
5	64	3
5	66	5
5	67	3
5	69	2
5	73	1
5	74	1
5	77	14
5	78	1
5	79	3
5	80	1
5	81	1
5	82	6
5	83	3
5	87	2
5	89	2
5	92	1
5	93	3
5	95	1
5	96	1
5	101	1
5	102	1
5	104	1
5	107	7
5	111	2
5	112	2
5	113	4
5	115	1
5	120	1
5	126	2
5	127	1
5	129	1
5	130	3
5	131	1
5	132	1
5	133	1
5	135	1
5	139	1
5	141	2
5	144	5
5	146	2
5	150	2
5	152	3
5	156	1
5	159	3
5	164	5
5	170	1
5	173	2
5	175	7
5	176	4
5	177	1
5	178	4
5	180	1
5	181	1
5	191	2
5	194	1
5	198	1
5	199	1
5	203	1
5	210	1
5	217	1
5	222	1
5	224	2
5	225	2
5	228	1
5	230	2
5	233	1
5	234	2
5	235	1
5	237	2
5	238	3
5	240	2
5	243	2
5	252	1
5	254	1
5	255	1
5	256	1
5	257	2
5	258	1
5	261	2
5	275	3
5	276	1
5	277	2
5	278	1
5	281	2
5	285	1
5	289	1
5	293	2
5	296	1
5	297	1
5	303	1
5	306	1
5	307	1
5	310	2
5	315	1
5	318	3
5	321	2
5	326	2
5	329	2
5	332	4
5	342	1
5	351	2
5	352	1
5	353	1
5	364	2
5	367	1
6	7	3
6	8	12
6	9	14
6	10	4
6	11	3
6	12	1
6	13	2
6	14	1
6	15	9
6	16	6
6	17	6
6	18	4
6	19	2
6	20	4
6	21	2
6	22	3
6	23	1
6	24	1
6	25	10
6	26	3
6	28	1
6	29	3
6	30	2
6	35	2
6	36	7
6	37	2
6	39	3
6	43	6
6	45	4
6	46	1
6	47	16
6	48	3
6	49	1
6	51	1
6	53	4
6	54	1
6	55	3
6	56	1
6	58	1
6	59	1
6	60	1
6	61	2
6	62	2
6	64	11
6	66	5
6	67	3
6	69	1
6	74	3
6	77	3
6	79	1
6	80	13
6	84	5
6	85	1
6	89	1
6	90	2
6	91	1
6	95	5
6	96	4
6	100	2
6	101	3
6	104	1
6	107	1
6	112	3
6	114	1
6	115	1
6	120	1
6	125	2
6	126	2
6	127	1
6	129	14
6	135	2
6	136	1
6	138	1
6	144	3
6	145	1
6	146	1
6	148	1
6	150	2
6	151	6
6	152	5
6	155	7
6	159	2
6	165	1
6	173	1
6	175	1
6	176	1
6	177	3
6	179	1
6	184	1
6	188	1
6	191	1
6	192	4
6	194	1
6	209	1
6	210	1
6	212	1
6	215	1
6	224	1
6	227	2
6	232	1
6	239	1
6	242	1
6	243	2
6	246	1
6	251	2
6	253	2
6	254	2
6	261	4
6	267	1
6	270	1
6	271	1
6	272	3
6	277	3
6	280	2
6	286	1
6	287	3
6	288	1
6	290	1
6	292	1
6	297	1
6	298	1
6	307	2
6	308	1
6	309	1
6	310	1
6	311	1
6	313	1
6	314	2
6	315	3
6	317	1
6	322	1
6	332	1
6	333	1
6	337	1
6	339	2
6	341	2
6	345	1
6	349	1
6	351	1
6	358	1
6	363	1
6	364	2
6	365	1
6	368	1
7	8	7
7	9	1
7	10	43
7	11	3
7	12	12
7	13	13
7	14	7
7	15	3
7	16	6
7	17	4
7	18	9
7	20	2
7	21	4
7	22	3
7	23	13
7	24	9
7	26	6
7	27	1
7	28	2
7	30	4
7	32	11
7	33	1
7	34	3
7	36	3
7	37	1
7	38	3
7	39	2
7	40	1
7	42	3
7	43	1
7	45	10
7	46	3
7	48	4
7	49	5
7	50	1
7	52	1
7	54	1
7	55	3
7	56	4
7	59	2
7	60	6
7	61	3
7	62	1
7	63	1
7	65	1
7	67	1
7	68	3
7	70	2
7	71	10
7	73	3
7	75	2
7	76	2
7	77	1
7	78	2
7	81	2
7	84	3
7	86	2
7	87	3
7	88	1
7	90	1
7	91	2
7	92	2
7	93	5
7	97	1
7	98	1
7	99	2
7	103	4
7	104	1
7	105	1
7	114	3
7	115	1
7	116	1
7	117	3
7	118	1
7	119	1
7	120	2
7	121	1
7	122	1
7	123	1
7	124	1
7	127	2
7	128	1
7	130	1
7	132	2
7	134	2
7	135	1
7	138	3
7	139	3
7	140	1
7	141	1
7	142	1
7	143	1
7	145	1
7	151	2
7	153	1
7	154	1
7	156	2
7	161	3
7	162	7
7	167	3
7	168	1
7	170	1
7	171	2
7	172	1
7	175	1
7	176	1
7	177	3
7	182	2
7	183	1
7	187	3
7	188	1
7	191	1
7	193	1
7	195	2
7	197	2
7	200	2
7	201	1
7	203	2
7	204	1
7	207	1
7	213	1
7	214	1
7	216	2
7	218	2
7	220	2
7	222	1
7	228	1
7	229	2
7	232	1
7	235	1
7	237	1
7	243	1
7	244	1
7	246	1
7	248	1
7	250	1
7	258	1
7	261	1
7	264	1
7	266	2
7	271	2
7	274	2
7	276	1
7	280	3
7	283	1
7	284	1
7	289	1
7	294	2
7	297	2
7	301	1
7	304	2
7	316	1
7	317	1
7	323	1
7	330	1
7	333	1
7	335	1
7	336	1
7	346	2
7	347	1
7	350	2
7	351	2
7	357	4
7	358	1
7	363	1
7	365	1
8	9	7
8	10	4
8	12	7
8	13	5
8	14	1
8	15	3
8	16	18
8	17	8
8	18	2
8	20	3
8	21	3
8	22	5
8	24	5
8	25	4
8	26	9
8	27	3
8	29	1
8	30	3
8	31	6
8	32	1
8	33	1
8	34	2
8	35	6
8	36	5
8	39	2
8	40	2
8	43	3
8	44	1
8	46	1
8	47	2
8	48	2
8	49	1
8	50	10
8	51	5
8	53	4
8	54	1
8	55	2
8	56	2
8	58	1
8	60	2
8	63	1
8	64	3
8	65	2
8	66	1
8	67	1
8	68	10
8	69	6
8	70	4
8	73	3
8	76	3
8	77	1
8	85	4
8	86	2
8	89	1
8	90	1
8	91	1
8	94	4
8	95	5
8	96	4
8	98	2
8	99	2
8	100	1
8	106	1
8	107	1
8	112	2
8	115	2
8	117	1
8	118	1
8	120	1
8	127	2
8	132	1
8	135	4
8	137	1
8	138	1
8	140	4
8	141	3
8	146	1
8	147	2
8	153	1
8	154	2
8	155	3
8	159	2
8	168	1
8	169	1
8	171	3
8	173	1
8	178	1
8	179	1
8	187	1
8	192	1
8	197	1
8	203	1
8	207	1
8	211	1
8	218	2
8	219	1
8	221	1
8	224	1
8	226	3
8	227	1
8	232	1
8	239	2
8	243	1
8	248	1
8	257	3
8	262	1
8	265	1
8	272	2
8	277	1
8	285	1
8	289	1
8	292	1
8	293	4
8	296	1
8	297	2
8	299	1
8	304	1
8	308	1
8	309	2
8	315	1
8	317	3
8	318	1
8	319	2
8	320	1
8	322	2
8	326	1
8	327	2
8	333	1
8	334	1
8	335	2
8	346	1
8	348	1
8	357	1
8	363	4
8	365	1
8	367	2
9	11	4
9	12	6
9	13	3
9	15	1
9	16	5
9	19	41
9	20	2
9	22	7
9	25	12
9	26	4
9	27	1
9	29	8
9	30	1
9	35	4
9	36	5
9	37	4
9	38	1
9	39	10
9	41	1
9	42	1
9	43	6
9	47	1
9	51	3
9	54	3
9	55	4
9	62	3
9	64	1
9	65	1
9	67	3
9	69	8
9	70	2
9	72	13
9	73	1
9	84	1
9	85	2
9	86	4
9	87	1
9	89	1
9	94	4
9	95	2
9	96	9
9	97	1
9	98	7
9	99	1
9	100	2
9	101	2
9	102	2
9	114	1
9	125	6
9	126	2
9	128	1
9	132	1
9	135	2
9	137	2
9	139	1
9	140	2
9	145	2
9	146	2
9	150	1
9	155	2
9	158	1
9	163	1
9	164	1
9	165	1
9	166	1
9	170	1
9	174	4
9	178	1
9	194	1
9	209	1
9	211	3
9	212	4
9	213	1
9	216	1
9	218	2
9	219	1
9	239	4
9	241	1
9	247	2
9	255	1
9	262	2
9	267	1
9	268	1
9	270	1
9	272	1
9	280	1
9	281	1
9	282	1
9	285	1
9	292	1
9	294	1
9	298	1
9	301	1
9	302	1
9	306	1
9	307	1
9	309	1
9	316	1
9	318	1
9	319	4
9	320	4
9	333	4
9	335	1
9	348	1
9	349	1
9	363	3
9	366	1
10	11	2
10	12	5
10	13	8
10	14	6
10	15	3
10	17	4
10	18	7
10	20	1
10	21	3
10	22	1
10	23	4
10	24	3
10	26	2
10	27	2
10	28	1
10	30	1
10	32	11
10	33	1
10	34	1
10	35	1
10	37	1
10	38	1
10	39	1
10	40	8
10	42	5
10	43	1
10	44	1
10	45	5
10	47	1
10	49	4
10	50	1
10	51	1
10	52	1
10	55	2
10	57	1
10	58	1
10	60	1
10	61	1
10	63	2
10	67	3
10	68	2
10	70	1
10	71	3
10	73	1
10	75	6
10	76	4
10	78	1
10	80	1
10	81	2
10	82	1
10	84	1
10	86	1
10	87	1
10	89	2
10	91	1
10	92	1
10	93	3
10	97	4
10	98	1
10	99	1
10	103	7
10	105	2
10	110	2
10	114	1
10	115	1
10	118	1
10	123	1
10	124	2
10	127	2
10	128	1
10	129	3
10	132	1
10	133	1
10	134	5
10	138	1
10	139	1
10	142	1
10	150	1
10	153	2
10	154	1
10	160	2
10	162	4
10	163	6
10	167	2
10	171	1
10	177	1
10	182	1
10	183	1
10	184	1
10	187	1
10	193	1
10	197	1
10	202	1
10	203	1
10	207	1
10	208	2
10	209	1
10	213	2
10	214	1
10	219	1
10	220	2
10	221	3
10	222	2
10	224	1
10	225	1
10	228	1
10	235	1
10	242	1
10	244	1
10	245	2
10	246	1
10	250	1
10	253	1
10	264	1
10	265	4
10	266	1
10	276	1
10	284	1
10	289	1
10	290	4
10	291	1
10	304	1
10	305	1
10	308	1
10	313	1
10	327	1
10	334	2
10	335	1
10	347	1
10	350	2
10	354	1
10	362	2
11	12	1
11	14	1
11	15	1
11	16	2
11	17	9
11	20	1
11	21	6
11	24	1
11	26	5
11	28	2
11	29	2
11	30	1
11	33	1
11	36	1
11	38	1
11	39	1
11	41	4
11	44	1
11	45	1
11	46	1
11	47	5
11	48	1
11	51	1
11	55	7
11	59	3
11	62	1
11	65	1
11	74	1
11	80	2
11	82	1
11	83	8
11	87	1
11	89	1
11	90	1
11	91	1
11	92	3
11	101	1
11	104	1
11	106	1
11	119	1
11	120	1
11	130	1
11	131	1
11	134	1
11	135	1
11	136	1
11	137	1
11	139	3
11	141	1
11	148	1
11	150	1
11	153	1
11	155	1
11	157	2
11	158	1
11	161	2
11	162	1
11	166	2
11	172	1
11	173	1
11	174	1
11	176	1
11	178	1
11	180	2
11	185	8
11	187	1
11	191	4
11	196	1
11	198	4
11	203	3
11	204	2
11	205	2
11	209	1
11	222	1
11	228	2
11	238	1
11	242	1
11	243	1
11	252	1
11	256	1
11	260	1
11	261	1
11	275	2
11	286	2
11	287	7
11	288	1
11	296	1
11	297	1
11	300	2
11	304	1
11	305	1
11	306	1
11	307	1
11	342	1
11	344	1
11	349	1
11	352	2
11	362	1
12	13	12
12	14	7
12	15	5
12	16	12
12	17	3
12	18	4
12	19	1
12	21	2
12	22	6
12	23	1
12	24	2
12	25	4
12	26	2
12	27	3
12	30	2
12	33	1
12	34	1
12	35	5
12	36	2
12	38	2
12	39	2
12	40	1
12	42	4
12	43	3
12	45	2
12	46	3
12	47	1
12	48	3
12	49	3
12	51	5
12	56	1
12	59	2
12	60	1
12	61	1
12	62	3
12	63	2
12	65	5
12	67	2
12	69	2
12	70	2
12	71	2
12	73	1
12	74	2
12	76	3
12	78	2
12	79	1
12	83	1
12	84	1
12	86	1
12	91	1
12	93	1
12	95	1
12	99	1
12	103	2
12	105	4
12	106	2
12	109	1
12	110	2
12	111	1
12	114	1
12	115	1
12	120	3
12	121	2
12	127	4
12	128	3
12	130	1
12	132	1
12	134	1
12	138	1
12	143	1
12	149	1
12	151	1
12	154	1
12	156	1
12	160	1
12	161	2
12	166	1
12	171	1
12	173	1
12	179	3
12	184	1
12	187	1
12	193	1
12	195	1
12	196	1
12	197	1
12	200	2
12	201	1
12	210	2
12	214	1
12	216	2
12	226	1
12	231	4
12	232	1
12	235	1
12	246	2
12	248	1
12	250	1
12	258	1
12	265	1
12	266	2
12	271	2
12	273	1
12	278	1
12	283	1
12	291	1
12	296	1
12	301	1
12	302	1
12	315	1
12	316	2
12	321	1
12	327	2
12	328	2
12	330	1
12	341	1
12	348	3
12	351	1
12	357	1
12	364	1
12	366	1
12	367	1
12	368	1
13	14	4
13	15	1
13	16	2
13	17	2
13	21	1
13	22	3
13	23	11
13	24	8
13	25	5
13	26	1
13	27	3
13	29	1
13	30	3
13	32	4
13	33	2
13	34	3
13	35	3
13	38	5
13	39	3
13	42	2
13	43	3
13	44	1
13	45	1
13	46	3
13	47	1
13	48	1
13	49	5
13	50	2
13	51	2
13	52	1
13	54	1
13	61	1
13	62	3
13	63	1
13	69	2
13	70	1
13	71	4
13	73	1
13	76	1
13	81	1
13	83	1
13	84	4
13	86	1
13	87	2
13	93	1
13	99	2
13	100	1
13	103	1
13	104	1
13	105	4
13	108	1
13	109	1
13	110	1
13	111	1
13	112	1
13	115	1
13	117	3
13	118	1
13	119	1
13	121	2
13	122	2
13	123	1
13	125	1
13	126	1
13	127	3
13	128	3
13	133	3
13	138	1
13	143	1
13	145	1
13	146	1
13	150	1
13	151	1
13	160	1
13	161	1
13	162	1
13	166	1
13	167	1
13	168	1
13	183	1
13	193	1
13	197	3
13	199	1
13	206	3
13	209	1
13	214	2
13	220	3
13	221	1
13	222	1
13	225	1
13	231	1
13	236	2
13	244	1
13	246	2
13	262	1
13	267	1
13	269	1
13	271	2
13	276	3
13	279	1
13	281	1
13	284	1
13	291	2
13	292	1
13	293	1
13	295	1
13	303	1
13	308	1
13	309	1
13	312	1
13	317	1
13	321	1
13	328	1
13	330	1
13	341	1
13	346	1
13	348	2
13	350	1
13	353	1
13	359	1
13	362	1
13	364	2
13	367	1
14	15	1
14	16	2
14	18	2
14	19	1
14	20	1
14	21	3
14	22	1
14	25	2
14	26	1
14	27	3
14	29	3
14	30	1
14	33	1
14	34	14
14	35	2
14	36	1
14	37	1
14	38	2
14	39	2
14	42	3
14	43	3
14	46	1
14	49	2
14	50	5
14	51	1
14	53	1
14	54	1
14	56	1
14	58	2
14	59	3
14	60	1
14	61	1
14	62	2
14	65	2
14	68	1
14	71	1
14	73	2
14	74	1
14	75	3
14	76	2
14	78	1
14	81	1
14	84	1
14	85	1
14	86	1
14	87	2
14	90	1
14	91	1
14	93	3
14	99	1
14	100	2
14	104	1
14	105	1
14	107	1
14	108	2
14	109	2
14	111	1
14	113	1
14	118	2
14	121	4
14	127	1
14	128	1
14	130	2
14	134	1
14	139	1
14	143	3
14	146	2
14	148	1
14	150	1
14	154	1
14	156	1
14	161	2
14	164	1
14	166	3
14	169	1
14	171	1
14	182	1
14	200	1
14	201	2
14	202	2
14	206	1
14	207	2
14	208	1
14	210	2
14	211	1
14	214	2
14	218	1
14	219	2
14	224	1
14	235	1
14	242	1
14	246	1
14	249	2
14	252	1
14	253	1
14	257	1
14	266	1
14	267	3
14	273	2
14	281	1
14	288	1
14	291	1
14	294	1
14	295	1
14	296	1
14	301	1
14	303	2
14	309	1
14	316	2
14	324	1
14	325	1
14	328	1
14	334	2
14	343	1
14	346	1
14	362	1
14	368	1
15	16	3
15	17	1
15	18	1
15	19	1
15	20	12
15	21	4
15	22	1
15	25	5
15	26	2
15	27	6
15	28	1
15	31	12
15	35	2
15	36	3
15	37	10
15	38	1
15	39	3
15	42	1
15	45	4
15	47	4
15	50	2
15	51	2
15	54	4
15	55	2
15	60	4
15	62	2
15	67	1
15	68	2
15	70	1
15	72	1
15	74	1
15	83	1
15	85	2
15	86	1
15	97	1
15	101	3
15	104	2
15	106	1
15	116	1
15	119	1
15	122	1
15	137	1
15	140	2
15	144	1
15	145	1
15	147	3
15	149	1
15	150	1
15	151	1
15	154	1
15	158	5
15	165	1
15	168	1
15	178	2
15	179	4
15	182	1
15	184	2
15	194	3
15	203	1
15	209	1
15	212	1
15	224	1
15	227	2
15	228	3
15	229	1
15	233	2
15	234	1
15	243	1
15	247	1
15	254	3
15	263	3
15	266	1
15	272	1
15	273	1
15	280	1
15	289	1
15	290	1
15	299	2
15	302	3
15	304	1
15	308	2
15	309	1
15	312	2
15	314	3
15	323	1
15	330	1
15	331	1
15	339	1
15	346	1
15	366	1
16	17	1
16	20	2
16	21	2
16	22	1
16	24	8
16	25	2
16	26	9
16	27	1
16	29	2
16	32	1
16	35	2
16	36	2
16	37	3
16	38	2
16	39	4
16	42	5
16	43	1
16	45	1
16	46	1
16	48	1
16	50	2
16	51	2
16	56	1
16	59	2
16	61	1
16	63	1
16	64	1
16	65	1
16	68	2
16	69	1
16	71	1
16	81	1
16	82	1
16	84	2
16	85	3
16	86	1
16	93	3
16	95	2
16	100	1
16	105	1
16	117	2
16	135	2
16	138	2
16	149	1
16	171	1
16	172	1
16	178	1
16	183	1
16	184	1
16	188	1
16	196	3
16	197	1
16	200	1
16	210	1
16	211	2
16	214	1
16	215	1
16	216	1
16	229	1
16	232	3
16	233	1
16	239	1
16	243	1
16	246	1
16	247	1
16	253	1
16	254	1
16	260	1
16	262	3
16	270	1
16	272	3
16	279	3
16	283	1
16	285	2
16	286	1
16	297	1
16	302	1
16	304	1
16	311	1
16	316	1
16	319	1
16	320	1
16	322	2
16	340	2
16	353	1
16	360	2
16	365	1
17	18	1
17	21	2
17	22	2
17	23	5
17	24	1
17	27	1
17	28	3
17	29	1
17	30	1
17	32	4
17	33	2
17	41	2
17	44	5
17	48	2
17	49	1
17	50	1
17	53	1
17	54	1
17	55	5
17	56	2
17	57	2
17	63	1
17	64	2
17	65	2
17	67	3
17	70	3
17	76	1
17	77	1
17	79	1
17	81	2
17	82	2
17	84	1
17	85	3
17	89	2
17	92	1
17	97	3
17	100	2
17	106	1
17	107	2
17	111	1
17	118	1
17	119	1
17	122	3
17	123	3
17	131	1
17	133	1
17	134	1
17	136	1
17	142	2
17	159	2
17	163	1
17	167	1
17	169	3
17	173	3
17	177	5
17	178	1
17	179	2
17	180	1
17	187	1
17	205	1
17	207	1
17	215	1
17	217	1
17	220	1
17	222	1
17	229	1
17	238	1
17	240	1
17	243	1
17	251	1
17	253	2
17	268	1
17	272	1
17	280	1
17	281	1
17	284	1
17	286	1
17	289	1
17	304	1
17	313	1
17	314	1
17	320	1
17	339	1
17	350	1
17	352	4
17	353	1
17	368	1
18	20	1
18	21	5
18	23	2
18	24	2
18	25	1
18	26	1
18	27	2
18	31	1
18	32	3
18	35	1
18	36	1
18	38	1
18	40	6
18	42	1
18	44	8
18	45	3
18	49	5
18	51	1
18	60	8
18	64	1
18	68	1
18	70	1
18	75	1
18	84	2
18	87	1
18	91	1
18	101	1
18	103	1
18	105	1
18	110	2
18	112	1
18	116	1
18	118	1
18	126	1
18	129	1
18	134	1
18	138	2
18	147	1
18	167	1
18	171	1
18	172	1
18	177	1
18	181	1
18	183	1
18	185	1
18	198	1
18	202	1
18	207	1
18	216	1
18	217	2
18	221	2
18	264	1
18	265	2
18	266	1
18	278	1
18	280	1
18	292	1
18	301	1
18	313	1
18	316	2
18	330	1
18	337	4
18	347	2
18	350	1
18	358	1
19	21	1
19	22	2
19	25	5
19	30	1
19	35	4
19	36	2
19	39	4
19	41	1
19	43	2
19	46	2
19	51	5
19	54	1
19	62	1
19	64	1
19	66	1
19	67	1
19	69	2
19	72	5
19	74	2
19	86	2
19	93	1
19	94	3
19	96	8
19	98	5
19	100	1
19	101	1
19	102	1
19	112	1
19	139	1
19	140	2
19	145	2
19	146	1
19	154	2
19	155	1
19	166	1
19	174	1
19	184	1
19	211	1
19	212	1
19	235	2
19	236	1
19	239	3
19	247	3
19	262	1
19	267	2
19	282	1
19	285	1
19	292	2
19	293	1
19	296	1
19	304	1
19	306	1
19	307	2
19	319	1
19	320	4
19	321	1
19	363	1
20	21	2
20	24	1
20	26	6
20	27	2
20	29	2
20	31	1
20	37	2
20	38	2
20	39	1
20	41	1
20	43	1
20	47	1
20	50	1
20	55	1
20	58	1
20	60	1
20	62	1
20	64	1
20	66	2
20	74	1
20	77	1
20	80	2
20	83	1
20	92	1
20	95	1
20	96	1
20	99	1
20	104	1
20	106	3
20	107	1
20	109	3
20	116	3
20	119	1
20	123	1
20	125	2
20	126	1
20	134	1
20	141	1
20	147	2
20	160	1
20	164	1
20	165	2
20	175	1
20	177	1
20	182	3
20	188	1
20	189	1
20	193	1
20	194	2
20	196	1
20	215	1
20	239	2
20	250	1
20	254	2
20	263	3
20	266	2
20	273	1
20	294	1
20	304	1
20	308	1
20	314	1
20	338	2
20	357	1
21	23	3
21	24	2
21	26	3
21	27	1
21	28	3
21	29	1
21	30	6
21	31	5
21	32	1
21	33	1
21	35	2
21	36	1
21	37	2
21	44	1
21	45	2
21	46	1
21	49	12
21	52	1
21	55	2
21	56	1
21	58	1
21	59	1
21	60	1
21	61	6
21	62	1
21	64	8
21	68	6
21	73	2
21	77	5
21	78	1
21	79	1
21	80	1
21	83	6
21	85	1
21	96	1
21	98	2
21	103	1
21	106	1
21	110	7
21	115	1
21	118	3
21	122	1
21	123	1
21	125	1
21	126	1
21	127	1
21	128	2
21	130	1
21	133	1
21	138	1
21	139	5
21	141	2
21	143	3
21	144	1
21	155	1
21	158	2
21	166	4
21	167	1
21	168	1
21	172	2
21	173	6
21	175	3
21	176	1
21	178	1
21	180	1
21	183	1
21	185	2
21	187	1
21	194	1
21	195	1
21	197	1
21	198	2
21	203	1
21	217	3
21	224	1
21	226	1
21	238	1
21	239	1
21	242	7
21	243	4
21	249	1
21	258	1
21	262	4
21	266	1
21	276	1
21	291	1
21	298	1
21	300	2
21	304	3
21	305	2
21	306	1
21	310	1
21	329	2
21	345	1
21	360	1
22	25	4
22	26	1
22	29	1
22	31	1
22	34	1
22	35	4
22	38	2
22	39	1
22	42	2
22	43	2
22	50	1
22	58	1
22	60	1
22	66	2
22	69	2
22	74	1
22	78	1
22	80	1
22	92	1
22	94	2
22	100	3
22	102	1
22	109	1
22	115	2
22	120	1
22	130	2
22	135	1
22	137	1
22	140	2
22	147	1
22	148	2
22	157	1
22	188	2
22	197	1
22	202	1
22	214	1
22	222	3
22	223	2
22	225	2
22	233	1
22	254	1
22	257	2
22	262	1
22	266	1
22	267	1
22	276	2
22	281	1
22	291	1
22	292	1
22	293	1
22	296	3
22	299	1
22	306	1
22	311	1
22	316	1
22	333	1
22	341	1
22	352	1
22	366	1
22	367	2
23	25	1
23	26	2
23	27	6
23	30	2
23	32	20
23	33	1
23	36	1
23	39	1
23	40	1
23	42	3
23	44	2
23	45	1
23	46	1
23	48	1
23	49	1
23	57	2
23	60	1
23	61	1
23	62	1
23	67	2
23	69	1
23	71	3
23	72	1
23	73	2
23	77	1
23	81	1
23	84	2
23	97	1
23	99	2
23	105	2
23	107	1
23	110	3
23	117	2
23	118	2
23	127	2
23	139	1
23	142	1
23	143	1
23	158	1
23	161	2
23	166	1
23	167	1
23	173	1
23	187	1
23	206	2
23	213	1
23	221	2
23	226	1
23	232	1
23	241	1
23	243	1
23	264	2
23	265	1
23	269	2
23	271	1
23	294	1
23	295	1
23	297	1
23	304	1
23	324	1
23	340	1
23	350	2
24	25	2
24	26	2
24	27	3
24	29	1
24	30	2
24	32	1
24	33	1
24	35	1
24	36	1
24	43	2
24	44	1
24	46	4
24	48	3
24	49	3
24	56	1
24	59	1
24	60	1
24	61	2
24	62	3
24	63	2
24	65	1
24	68	1
24	69	1
24	70	1
24	71	1
24	79	1
24	84	1
24	86	1
24	103	1
24	106	6
24	110	2
24	112	1
24	114	2
24	115	1
24	116	1
24	117	3
24	122	1
24	128	2
24	133	1
24	145	1
24	146	1
24	160	1
24	162	1
24	166	1
24	187	1
24	197	1
24	203	1
24	206	1
24	221	1
24	226	1
24	236	2
24	241	1
24	242	1
24	244	1
24	266	1
24	276	1
24	285	1
24	292	1
24	294	2
24	297	1
24	301	1
24	321	2
24	340	2
24	350	1
24	353	1
24	357	1
24	358	1
25	27	2
25	29	1
25	30	1
25	35	6
25	36	2
25	37	1
25	38	1
25	39	4
25	43	1
25	46	2
25	49	1
25	50	1
25	51	3
25	61	1
25	64	2
25	65	1
25	66	3
25	68	1
25	69	4
25	72	4
25	74	1
25	77	1
25	80	1
25	84	1
25	86	2
25	95	2
25	96	1
25	102	1
25	105	2
25	107	1
25	114	1
25	116	1
25	117	1
25	125	1
25	154	1
25	155	1
25	162	1
25	163	1
25	174	1
25	197	1
25	212	2
25	218	1
25	219	1
25	227	1
25	233	1
25	234	1
25	235	1
25	237	3
25	262	2
25	267	1
25	273	1
25	291	1
25	292	1
25	293	2
25	301	1
25	302	2
25	309	1
25	320	1
25	333	2
26	28	1
26	30	1
26	31	1
26	32	3
26	34	1
26	35	1
26	42	1
26	45	3
26	47	1
26	51	1
26	56	2
26	63	2
26	68	1
26	69	8
26	70	1
26	71	1
26	72	2
26	75	1
26	80	1
26	81	2
26	83	2
26	85	1
26	86	1
26	88	1
26	95	1
26	99	1
26	114	1
26	115	1
26	119	1
26	126	1
26	133	1
26	138	2
26	145	1
26	156	1
26	161	1
26	162	1
26	177	1
26	184	1
26	191	1
26	196	1
26	203	1
26	207	1
26	215	1
26	228	2
26	231	1
26	233	2
26	234	1
26	243	1
26	247	1
26	270	1
26	277	1
26	280	1
26	292	1
26	296	2
26	307	1
26	319	1
27	29	1
27	32	2
27	33	3
27	38	3
27	42	1
27	43	1
27	50	3
27	54	4
27	55	1
27	57	1
27	60	3
27	61	2
27	62	2
27	69	1
27	75	1
27	87	1
27	95	1
27	104	2
27	105	2
27	110	2
27	118	2
27	123	1
27	128	1
27	139	1
27	143	3
27	157	1
27	164	1
27	179	6
27	181	1
27	188	1
27	211	1
27	213	1
27	226	1
27	231	1
27	236	1
27	242	1
27	243	1
27	247	1
27	253	1
27	255	1
27	258	1
27	260	1
27	264	1
27	266	1
27	269	2
27	294	1
27	312	1
27	358	1
28	30	1
28	44	2
28	45	1
28	46	1
28	48	1
28	52	13
28	57	1
28	58	1
28	59	2
28	61	1
28	64	2
28	75	1
28	77	3
28	79	1
28	82	1
28	83	1
28	88	2
28	89	3
28	92	1
28	97	2
28	128	1
28	129	1
28	134	2
28	136	2
28	139	1
28	151	1
28	153	1
28	160	1
28	167	1
28	169	1
28	170	2
28	173	2
28	175	2
28	180	1
28	190	1
28	198	1
28	202	1
28	208	1
28	213	1
28	217	2
28	228	1
28	258	3
28	259	1
28	264	1
28	281	1
28	300	1
28	304	1
28	305	2
28	322	2
28	329	1
28	355	3
28	364	1
28	368	1
29	30	1
29	34	2
29	35	1
29	37	2
29	39	1
29	47	1
29	48	1
29	51	1
29	53	1
29	55	1
29	62	2
29	64	1
29	67	1
29	71	1
29	72	1
29	74	1
29	77	1
29	82	2
29	112	1
29	113	1
29	116	5
29	120	1
29	125	3
29	126	1
29	132	1
29	144	1
29	154	1
29	159	1
29	165	1
29	175	1
29	182	1
29	191	1
29	196	2
29	209	1
29	210	1
29	236	2
29	249	2
29	256	1
29	275	2
29	287	1
29	332	1
29	339	1
29	348	1
29	349	1
29	353	1
29	364	1
29	367	1
30	31	2
30	34	1
30	35	4
30	36	1
30	39	1
30	40	1
30	42	1
30	43	1
30	45	1
30	46	1
30	47	2
30	49	11
30	50	1
30	51	1
30	57	1
30	58	1
30	61	5
30	63	1
30	64	2
30	67	2
30	68	7
30	71	1
30	72	1
30	73	4
30	74	1
30	76	1
30	77	7
30	78	2
30	83	8
30	86	2
30	91	1
30	93	1
30	96	1
30	97	1
30	100	2
30	102	1
30	110	9
30	116	1
30	118	4
30	120	1
30	128	1
30	130	1
30	133	1
30	136	1
30	139	6
30	141	5
30	153	2
30	154	1
30	155	1
30	156	1
30	161	1
30	162	1
30	164	2
30	166	4
30	167	4
30	172	5
30	173	5
30	175	4
30	176	1
30	178	1
30	185	1
30	186	1
30	187	1
30	196	1
30	197	1
30	198	3
30	202	1
30	212	1
30	215	1
30	216	1
30	217	3
30	230	1
30	239	1
30	240	1
30	242	4
30	243	3
30	244	1
30	249	1
30	253	1
30	257	1
30	260	1
30	262	1
30	263	1
30	274	1
30	277	1
30	285	1
30	293	1
30	300	2
30	304	2
30	306	2
30	309	1
30	319	1
30	324	1
30	326	1
30	336	3
30	337	1
30	338	1
30	348	1
30	364	2
30	365	1
31	35	1
31	37	15
31	43	1
31	45	1
31	54	2
31	68	7
31	96	1
31	101	1
31	104	2
31	128	1
31	141	3
31	149	1
31	158	3
31	168	1
31	178	3
31	182	1
31	188	2
31	195	1
31	203	2
31	209	2
31	223	1
31	230	1
31	233	2
31	254	2
31	299	1
31	308	1
31	312	1
31	346	1
31	349	2
32	33	1
32	34	1
32	39	2
32	40	1
32	42	3
32	44	3
32	45	1
32	46	2
32	48	1
32	49	2
32	57	2
32	59	1
32	61	1
32	62	2
32	63	3
32	67	1
32	75	1
32	78	1
32	82	1
32	84	2
32	87	1
32	93	1
32	97	1
32	99	1
32	106	1
32	118	1
32	130	1
32	137	1
32	139	2
32	160	1
32	162	1
32	167	1
32	187	1
32	206	2
32	214	2
32	221	1
32	247	1
32	269	1
32	283	1
32	284	1
32	288	1
32	297	2
32	315	1
32	317	1
32	323	1
32	340	1
32	341	1
32	347	1
32	357	1
33	46	2
33	54	1
33	55	2
33	61	1
33	62	1
33	63	1
33	70	1
33	76	1
33	79	1
33	81	1
33	82	1
33	85	1
33	97	1
33	123	1
33	124	1
33	131	1
33	137	1
33	144	1
33	159	2
33	168	1
33	169	1
33	184	1
33	191	1
33	198	1
33	206	1
33	207	1
33	208	1
33	215	1
33	234	2
33	240	2
33	250	1
33	253	1
33	258	2
33	295	1
33	304	1
33	313	1
33	323	1
33	329	1
33	342	1
34	38	2
34	39	1
34	42	2
34	44	2
34	49	2
34	56	1
34	62	2
34	65	1
34	71	4
34	76	2
34	87	1
34	90	2
34	92	4
34	93	1
34	107	1
34	109	1
34	110	1
34	146	1
34	150	1
34	156	2
34	162	1
34	166	1
34	186	1
34	195	1
34	200	1
34	202	1
34	208	1
34	210	2
34	214	1
34	216	1
34	222	1
34	244	1
34	246	1
34	249	1
34	274	3
34	294	1
34	295	1
34	303	1
34	316	1
34	328	1
34	334	1
34	345	1
34	346	1
34	359	1
35	38	1
35	39	1
35	41	2
35	43	1
35	46	1
35	48	2
35	50	2
35	54	1
35	56	1
35	62	2
35	64	2
35	66	1
35	67	2
35	68	2
35	69	3
35	72	2
35	77	1
35	85	1
35	86	2
35	87	1
35	94	1
35	98	2
35	99	1
35	100	1
35	115	1
35	116	1
35	127	1
35	135	1
35	140	2
35	141	1
35	160	1
35	175	1
35	178	1
35	179	1
35	193	1
35	196	1
35	197	1
35	203	1
35	213	1
35	215	1
35	219	1
35	237	1
35	239	2
35	262	1
35	277	2
35	281	1
35	287	1
35	291	1
35	300	1
35	302	1
35	307	1
35	320	1
35	321	1
35	330	1
35	352	1
35	363	1
36	45	1
36	47	1
36	48	2
36	50	1
36	51	1
36	59	1
36	61	2
36	66	2
36	67	1
36	74	1
36	84	1
36	87	1
36	88	2
36	100	1
36	104	1
36	107	1
36	117	1
36	125	1
36	126	3
36	128	1
36	129	1
36	133	1
36	139	1
36	152	1
36	154	2
36	155	3
36	166	1
36	172	1
36	178	1
36	184	1
36	204	1
36	216	1
36	224	1
36	227	1
36	253	1
36	272	1
36	276	1
36	289	1
36	306	2
36	321	2
36	329	1
36	337	1
36	340	1
36	366	1
37	39	2
37	45	2
37	46	1
37	58	1
37	63	1
37	67	1
37	68	1
37	96	1
37	98	1
37	100	1
37	104	1
37	140	1
37	149	1
37	154	1
37	163	1
37	166	1
37	188	1
37	199	2
37	203	1
37	209	1
37	211	1
37	223	1
37	227	1
37	230	1
37	266	1
37	293	1
37	302	1
37	308	3
37	312	1
37	314	1
37	331	3
37	349	1
38	39	1
38	41	2
38	48	1
38	49	1
38	51	1
38	52	1
38	53	1
38	54	1
38	58	1
38	59	1
38	60	1
38	65	1
38	71	1
38	79	1
38	87	2
38	90	1
38	93	1
38	105	1
38	108	1
38	109	1
38	115	1
38	126	2
38	130	1
38	143	1
38	146	1
38	151	1
38	159	1
38	164	1
38	170	1
38	183	1
38	193	1
38	195	1
38	216	2
38	222	1
38	236	1
38	246	1
38	252	1
38	255	1
38	263	1
38	266	1
38	271	1
38	273	1
38	291	2
38	295	1
38	306	1
38	307	1
38	343	1
38	344	1
38	346	1
38	351	1
38	356	1
39	42	1
39	48	2
39	49	2
39	50	1
39	51	1
39	55	1
39	56	1
39	64	1
39	68	1
39	69	1
39	70	1
39	72	3
39	74	1
39	76	1
39	77	1
39	78	1
39	86	2
39	87	1
39	96	3
39	98	1
39	99	1
39	100	1
39	106	1
39	110	1
39	117	1
39	119	1
39	120	1
39	125	1
39	126	1
39	129	1
39	153	1
39	155	2
39	173	1
39	174	1
39	178	1
39	191	1
39	207	1
39	226	1
39	227	1
39	233	1
39	236	1
39	247	2
39	248	1
39	271	1
39	272	1
39	285	1
39	287	1
39	293	1
39	319	2
39	333	1
39	346	1
39	347	1
39	353	1
39	359	1
39	368	1
40	41	3
40	44	5
40	48	1
40	49	1
40	55	1
40	56	1
40	57	1
40	60	3
40	73	2
40	103	3
40	110	2
40	117	1
40	127	1
40	138	1
40	153	1
40	162	1
40	167	3
40	169	1
40	173	1
40	226	2
40	231	1
40	243	1
40	244	1
40	253	1
40	265	2
40	283	2
40	305	1
40	315	2
41	48	2
41	63	1
41	77	1
41	79	2
41	81	1
41	87	1
41	89	1
41	90	4
41	91	1
41	103	3
41	106	1
41	107	3
41	108	1
41	111	1
41	114	1
41	116	1
41	120	1
41	149	1
41	160	1
41	168	1
41	175	1
41	176	1
41	184	1
41	189	2
41	204	1
41	205	1
41	207	1
41	208	1
41	215	1
41	265	2
41	284	1
41	323	1
41	338	1
41	342	1
41	357	1
41	359	1
42	43	1
42	49	2
42	67	1
42	76	1
42	86	1
42	103	2
42	105	1
42	109	1
42	110	1
42	114	1
42	121	2
42	133	1
42	156	3
42	162	1
42	177	1
42	183	1
42	186	1
42	193	1
42	195	1
42	202	2
42	216	1
42	220	1
42	231	1
42	232	1
42	271	1
42	296	2
42	297	1
42	316	2
42	321	1
42	328	1
42	364	1
43	46	1
43	50	2
43	53	1
43	54	1
43	58	1
43	62	1
43	67	2
43	72	2
43	73	1
43	86	1
43	100	1
43	105	2
43	106	1
43	117	1
43	118	1
43	129	1
43	135	1
43	138	1
43	146	1
43	149	1
43	166	1
43	178	1
43	182	1
43	183	1
43	188	1
43	195	1
43	206	1
43	211	1
43	223	1
43	239	1
43	247	1
43	291	1
43	294	1
43	298	1
43	315	1
43	339	1
43	345	1
43	366	2
43	367	2
44	46	1
44	49	1
44	56	3
44	60	1
44	63	1
44	71	1
44	73	1
44	75	1
44	87	1
44	88	1
44	89	1
44	93	1
44	99	2
44	117	1
44	118	3
44	124	1
44	131	1
44	143	1
44	153	3
44	162	1
44	167	2
44	169	1
44	171	1
44	173	1
44	186	1
44	207	2
44	208	2
44	217	2
44	220	1
44	231	1
44	244	1
44	250	1
44	251	1
44	268	1
44	280	1
44	281	1
44	283	3
44	286	2
44	312	1
44	339	1
45	47	1
45	51	1
45	53	1
45	60	8
45	61	1
45	64	2
45	77	1
45	93	1
45	101	1
45	104	3
45	110	1
45	119	1
45	128	1
45	134	1
45	136	1
45	153	1
45	162	1
45	171	1
45	176	1
45	187	1
45	191	1
45	194	4
45	200	1
45	205	1
45	218	1
45	228	2
45	242	1
45	248	1
45	282	1
45	308	4
45	310	1
45	314	2
45	338	1
45	350	1
46	49	3
46	50	1
46	56	1
46	62	1
46	63	1
46	64	1
46	69	1
46	71	1
46	73	1
46	86	1
46	91	1
46	93	1
46	105	2
46	117	3
46	122	1
46	124	1
46	133	1
46	163	1
46	166	1
46	172	1
46	181	1
46	212	1
46	226	1
46	227	1
46	229	1
46	231	1
46	246	1
46	248	1
46	279	1
46	290	1
46	293	1
46	315	1
46	340	1
47	54	1
47	60	1
47	80	7
47	88	1
47	95	1
47	97	1
47	100	1
47	111	2
47	117	1
47	120	1
47	136	1
47	145	1
47	150	1
47	155	2
47	209	1
47	212	1
47	227	1
47	228	5
47	249	1
47	257	1
47	275	1
47	280	1
47	284	1
47	286	1
47	288	1
47	339	2
47	345	1
48	62	1
48	64	1
48	66	1
48	77	1
48	83	1
48	90	1
48	106	2
48	116	1
48	117	1
48	118	1
48	142	1
48	145	1
48	167	1
48	181	1
48	201	1
48	202	1
48	206	2
48	208	1
48	213	2
48	228	1
48	243	1
48	255	1
48	256	1
48	269	1
48	271	1
48	287	1
48	311	1
48	332	1
48	342	1
48	348	1
48	353	1
49	50	1
49	61	6
49	62	1
49	63	1
49	67	1
49	68	4
49	71	1
49	73	4
49	74	1
49	75	1
49	76	1
49	77	1
49	78	1
49	83	1
49	93	2
49	102	1
49	103	1
49	109	1
49	110	8
49	115	1
49	118	7
49	120	1
49	126	1
49	128	1
49	130	1
49	133	1
49	138	1
49	139	3
49	141	1
49	143	4
49	153	1
49	158	1
49	161	1
49	166	5
49	167	3
49	170	1
49	172	1
49	173	1
49	185	1
49	187	1
49	198	1
49	199	1
49	202	1
49	206	1
49	207	1
49	216	1
49	217	2
49	224	1
49	226	1
49	234	1
49	242	2
49	244	1
49	246	1
49	252	1
49	262	1
49	266	1
49	271	1
49	276	1
49	291	1
49	335	1
49	346	1
49	364	3
50	61	3
50	62	1
50	65	1
50	69	1
50	70	1
50	78	1
50	95	2
50	104	1
50	112	1
50	118	1
50	119	1
50	127	1
50	128	1
50	129	1
50	135	1
50	143	2
50	146	2
50	149	1
50	167	1
50	187	1
50	188	1
50	192	1
50	197	1
50	210	1
50	211	1
50	235	1
50	242	1
50	253	1
50	256	1
50	292	1
50	304	1
50	316	1
50	321	1
50	338	1
50	367	1
51	53	1
51	65	1
51	67	1
51	68	2
51	69	1
51	70	1
51	71	1
51	72	1
51	74	1
51	79	1
51	84	1
51	85	1
51	93	1
51	98	2
51	108	1
51	126	1
51	129	1
51	130	1
51	140	1
51	141	1
51	145	1
51	163	1
51	164	1
51	183	1
51	185	1
51	194	1
51	218	2
51	222	1
51	225	1
51	226	1
51	233	1
51	234	1
51	238	1
51	239	1
51	257	1
51	272	1
51	308	1
51	319	2
51	336	1
51	337	1
52	57	3
52	61	1
52	97	1
52	108	1
52	128	1
52	131	1
52	151	2
52	153	1
52	160	1
52	184	1
52	190	4
52	240	1
52	258	1
52	279	1
52	305	1
52	355	1
52	368	1
53	58	4
53	60	2
53	80	1
53	82	3
53	112	3
53	119	1
53	126	1
53	132	1
53	144	2
53	146	1
53	152	1
53	163	1
53	173	1
53	186	1
53	194	1
53	230	1
53	238	1
53	259	1
53	272	1
53	287	1
53	293	1
53	326	1
53	349	1
54	73	1
54	78	1
54	80	1
54	84	1
54	94	3
54	98	2
54	100	1
54	111	1
54	119	2
54	123	2
54	128	1
54	136	3
54	137	1
54	142	1
54	182	1
54	188	4
54	223	1
54	239	1
54	255	1
54	263	1
54	272	1
54	301	1
54	304	1
54	307	1
54	312	1
54	319	1
54	363	1
54	365	1
55	62	1
55	63	1
55	100	1
55	116	2
55	122	2
55	125	1
55	168	1
55	174	1
55	177	1
55	192	1
55	199	1
55	207	1
55	213	1
55	218	1
55	243	1
55	272	1
55	280	1
55	287	6
55	305	1
55	314	1
55	355	1
55	363	1
55	368	1
56	62	1
56	63	3
56	64	2
56	69	1
56	73	1
56	81	1
56	95	1
56	98	1
56	99	1
56	117	1
56	120	1
56	133	1
56	143	1
56	169	1
56	172	1
56	182	1
56	229	5
56	236	1
56	239	1
56	247	1
56	265	2
56	281	1
56	292	1
56	321	1
56	346	1
56	350	1
56	351	1
56	360	1
57	59	2
57	73	1
57	75	1
57	76	1
57	83	1
57	90	1
57	91	1
57	97	2
57	101	1
57	108	1
57	124	3
57	127	1
57	128	1
57	136	1
57	163	1
57	177	1
57	190	3
57	198	1
57	217	1
57	225	1
57	237	1
57	250	1
57	251	3
57	256	1
57	260	1
57	264	2
57	268	1
57	278	1
57	295	1
57	300	1
57	322	1
57	356	1
58	77	2
58	79	1
58	89	1
58	97	1
58	107	1
58	113	2
58	130	1
58	132	1
58	164	2
58	175	2
58	180	4
58	210	1
58	217	1
58	225	1
58	230	1
58	257	1
58	258	1
58	259	1
58	285	1
58	322	1
58	355	3
59	61	1
59	62	2
59	65	2
59	78	1
59	79	1
59	90	1
59	104	2
59	106	2
59	107	1
59	121	1
59	130	1
59	142	1
59	157	2
59	162	1
59	181	1
59	185	1
59	190	1
59	204	3
59	206	1
59	232	1
59	237	1
59	238	1
59	251	1
59	264	1
59	269	1
59	275	1
59	291	2
59	342	1
59	347	1
59	361	1
60	70	1
60	85	1
60	95	2
60	104	3
60	110	1
60	144	1
60	169	1
60	176	1
60	179	1
60	181	1
60	183	1
60	187	1
60	197	1
60	209	1
60	254	1
60	283	2
60	310	2
60	314	2
60	358	1
61	62	1
61	63	1
61	64	1
61	67	2
61	73	4
61	74	1
61	78	2
61	90	1
61	97	1
61	106	1
61	107	1
61	108	3
61	109	1
61	110	2
61	118	4
61	123	1
61	128	1
61	138	1
61	139	4
61	143	7
61	158	1
61	167	3
61	173	1
61	184	1
61	186	1
61	191	1
61	195	1
61	198	2
61	206	1
61	215	1
61	217	1
61	234	1
61	240	1
61	242	2
61	243	2
61	245	1
61	249	1
61	258	1
61	259	1
61	262	1
61	270	1
61	304	1
61	305	4
61	329	4
61	335	1
61	343	1
61	360	1
62	65	1
62	71	1
62	84	2
62	91	2
62	92	1
62	93	1
62	106	1
62	109	1
62	110	1
62	111	1
62	114	1
62	143	1
62	164	1
62	185	1
62	199	1
62	202	1
62	207	1
62	213	1
62	271	1
62	285	1
62	289	1
62	368	1
63	78	2
63	81	2
63	87	1
63	97	1
63	99	1
63	106	1
63	108	1
63	114	1
63	115	2
63	117	1
63	121	1
63	137	1
63	143	1
63	144	2
63	147	1
63	160	2
63	164	2
63	167	1
63	187	1
63	192	1
63	206	1
63	208	1
63	226	1
63	234	1
63	247	1
63	263	1
63	282	2
63	284	1
63	288	1
63	290	1
63	301	1
63	306	2
63	321	1
63	331	2
63	333	1
63	340	1
64	66	1
64	67	2
64	68	2
64	77	11
64	83	2
64	86	1
64	95	1
64	98	1
64	110	1
64	129	1
64	139	1
64	141	2
64	144	2
64	155	1
64	159	1
64	172	1
64	173	1
64	175	5
64	191	1
64	198	2
64	215	1
64	239	2
64	243	3
64	255	1
64	257	1
64	262	1
64	277	1
64	281	1
64	282	1
64	295	1
64	300	3
64	310	2
64	321	1
64	332	1
64	333	1
64	335	1
64	360	1
65	73	1
65	76	1
65	85	1
65	86	1
65	90	1
65	96	1
65	98	1
65	111	1
65	124	1
65	127	1
65	130	1
65	178	1
65	181	1
65	195	1
65	200	1
65	202	2
65	204	1
65	210	1
65	212	1
65	234	1
65	236	1
65	238	1
65	240	1
65	241	1
65	260	2
65	280	1
65	329	1
65	351	1
65	357	1
66	87	1
66	96	1
66	102	2
66	112	1
66	123	1
66	137	1
66	149	2
66	150	1
66	155	1
66	215	1
66	233	1
66	237	7
66	267	1
66	280	1
66	302	1
66	321	1
66	348	1
66	367	1
67	68	1
67	70	1
67	72	1
67	74	1
67	76	2
67	83	1
67	111	1
67	114	1
67	126	2
67	129	1
67	144	1
67	145	1
67	152	1
67	167	1
67	191	1
67	210	1
67	216	1
67	235	1
67	242	1
67	243	1
67	271	1
67	277	1
67	282	1
67	300	1
67	303	1
67	348	1
68	73	4
68	76	1
68	77	3
68	81	1
68	85	1
68	86	2
68	92	1
68	94	1
68	96	1
68	110	1
68	118	1
68	128	2
68	139	1
68	140	1
68	141	8
68	162	1
68	170	1
68	172	1
68	175	2
68	185	1
68	199	1
68	203	1
68	226	1
68	240	1
68	243	2
68	244	1
68	254	1
68	257	2
68	262	1
68	274	1
68	277	1
68	295	1
68	300	1
68	319	1
68	329	1
68	335	2
68	336	2
68	345	1
69	70	1
69	86	2
69	95	3
69	96	3
69	98	1
69	99	2
69	100	2
69	114	1
69	115	1
69	149	1
69	187	1
69	192	1
69	197	1
69	233	2
69	235	1
69	261	1
69	277	1
69	293	2
69	296	1
69	297	1
69	298	1
69	319	2
69	333	2
70	72	1
70	86	1
70	106	1
70	132	1
70	138	1
70	159	1
70	172	1
70	173	1
70	177	1
70	183	1
70	197	1
70	208	1
70	236	1
70	262	1
70	289	1
70	292	1
70	309	1
70	318	1
71	76	1
71	81	1
71	82	1
71	84	1
71	92	1
71	93	1
71	103	1
71	114	1
71	127	2
71	133	2
71	145	1
71	150	1
71	151	1
71	161	1
71	162	1
71	164	1
71	167	1
71	192	1
71	197	2
71	208	2
71	222	1
71	249	1
71	271	1
71	276	1
71	295	1
71	317	1
71	345	1
71	359	1
72	74	1
72	86	1
72	96	2
72	98	1
72	100	2
72	137	1
72	174	2
72	211	1
72	236	1
72	239	1
72	262	2
72	267	1
72	285	1
72	292	1
72	307	1
72	320	1
72	339	1
72	366	1
73	77	1
73	78	4
73	81	1
73	83	1
73	84	2
73	86	2
73	90	2
73	94	1
73	106	1
73	110	1
73	118	4
73	124	2
73	138	1
73	139	1
73	143	4
73	166	5
73	167	3
73	173	4
73	175	1
73	186	1
73	201	1
73	208	1
73	214	1
73	226	1
73	243	1
73	257	1
73	288	1
73	295	1
73	300	1
73	301	1
73	328	1
73	329	1
73	335	3
73	336	1
73	346	1
73	351	1
74	96	1
74	101	2
74	109	1
74	112	1
74	128	1
74	130	1
74	155	1
74	158	1
74	174	2
74	188	1
74	194	1
74	199	1
74	209	1
74	233	1
74	242	1
74	247	2
74	279	1
74	320	1
74	324	1
74	325	1
75	76	1
75	81	1
75	82	2
75	89	1
75	91	1
75	103	1
75	120	1
75	124	1
75	136	1
75	153	2
75	156	1
75	171	2
75	198	1
75	217	1
75	250	8
75	284	1
75	334	1
75	350	1
76	78	1
76	90	1
76	91	1
76	102	1
76	119	1
76	120	1
76	121	1
76	124	1
76	127	1
76	128	1
76	137	1
76	167	1
76	171	5
76	187	1
76	195	1
76	201	1
76	208	1
76	231	1
76	244	1
76	252	1
76	280	1
76	317	1
76	350	1
76	357	1
77	82	2
77	83	4
77	110	1
77	129	1
77	130	1
77	133	1
77	139	2
77	141	3
77	144	1
77	155	2
77	156	1
77	159	1
77	162	1
77	164	1
77	167	1
77	172	1
77	173	2
77	175	14
77	179	1
77	180	1
77	198	2
77	217	1
77	230	1
77	238	1
77	240	1
77	243	3
77	255	1
77	257	2
77	258	1
77	274	1
77	277	1
77	281	1
77	295	1
77	321	1
77	329	2
77	332	1
77	333	1
77	336	1
77	364	1
78	99	1
78	110	1
78	117	1
78	134	1
78	137	2
78	138	1
78	143	3
78	157	1
78	167	1
78	173	1
78	183	1
78	208	1
78	209	1
78	213	1
78	245	1
78	276	2
78	285	1
78	288	2
78	297	1
78	311	1
78	314	1
78	340	1
78	351	1
79	82	1
79	89	3
79	106	1
79	131	2
79	165	2
79	169	2
79	173	1
79	189	1
79	215	2
79	217	1
79	261	1
79	312	1
79	336	1
79	355	1
80	95	1
80	100	1
80	126	1
80	136	2
80	155	1
80	169	1
80	215	1
80	237	1
80	242	1
80	271	1
80	277	1
80	282	1
80	285	1
80	288	1
80	307	1
80	345	1
81	90	2
81	108	2
81	121	1
81	137	1
81	151	2
81	167	1
81	171	1
81	175	1
81	207	1
81	208	1
81	229	2
81	232	1
81	269	1
81	283	1
81	284	2
81	288	1
81	306	1
81	324	1
81	350	3
82	83	1
82	92	1
82	108	1
82	113	1
82	115	1
82	120	1
82	121	1
82	122	1
82	123	1
82	126	1
82	132	1
82	141	2
82	150	1
82	166	1
82	177	1
82	191	2
82	198	2
82	203	1
82	209	1
82	230	1
82	238	1
82	250	1
82	253	1
82	258	1
82	260	1
82	261	1
82	275	2
82	326	1
82	329	1
82	349	1
82	350	1
83	92	1
83	110	1
83	139	5
83	141	1
83	148	1
83	154	1
83	159	2
83	166	1
83	168	1
83	172	2
83	173	1
83	175	1
83	185	1
83	198	5
83	217	3
83	238	1
83	243	1
83	275	1
83	281	1
83	285	1
83	300	5
83	306	1
83	309	1
83	310	1
83	329	1
83	364	1
84	85	1
84	86	1
84	89	1
84	91	1
84	103	1
84	112	1
84	114	4
84	145	1
84	151	2
84	160	1
84	166	1
84	177	1
84	181	1
84	197	1
84	201	1
84	208	1
84	214	7
84	220	1
84	246	1
84	279	1
84	288	1
84	295	1
84	301	1
84	316	1
84	317	2
84	328	1
84	340	1
84	341	5
84	350	1
85	95	1
85	98	1
85	101	1
85	124	1
85	140	1
85	220	2
85	243	1
85	303	1
85	320	1
85	358	1
86	94	2
86	98	1
86	114	2
86	117	1
86	135	1
86	140	1
86	184	1
86	193	1
86	257	1
86	280	1
86	300	1
86	307	1
86	321	1
86	335	2
86	349	1
87	92	1
87	117	1
87	146	1
87	149	1
87	155	1
87	171	1
87	181	1
87	213	1
87	244	1
87	279	1
87	325	1
87	338	1
87	347	3
88	102	1
88	104	1
88	116	1
88	121	1
88	153	1
88	156	1
88	168	1
88	189	1
88	190	2
88	200	1
89	95	1
89	97	2
89	108	1
89	112	1
89	129	1
89	138	1
89	142	1
89	146	1
89	159	3
89	165	1
89	171	1
89	177	1
89	181	1
89	210	1
89	224	1
89	250	1
89	258	1
89	275	1
89	281	1
89	326	1
89	336	1
89	345	1
89	352	1
89	355	1
90	99	1
90	122	1
90	124	2
90	127	1
90	130	1
90	136	1
90	139	1
90	142	2
90	156	1
90	157	1
90	201	1
90	204	1
90	205	1
90	216	1
90	232	1
90	251	1
90	269	1
90	280	1
90	295	1
90	324	1
90	327	1
90	357	1
91	93	2
91	110	1
91	114	4
91	118	1
91	128	1
91	170	1
91	181	1
91	187	1
91	189	1
91	193	1
91	201	1
91	245	1
91	255	1
91	260	1
91	279	1
91	284	1
91	311	1
91	323	1
91	360	1
92	99	1
92	121	1
92	128	1
92	139	1
92	141	1
92	148	1
92	164	2
92	166	2
92	170	1
92	173	1
92	183	1
92	193	1
92	198	2
92	203	2
92	245	1
92	252	1
92	281	1
92	311	1
92	345	1
92	349	1
92	362	1
93	110	1
93	130	1
93	153	2
93	162	1
93	172	1
93	186	1
93	187	1
93	202	1
93	220	2
93	232	2
93	246	1
93	273	1
93	297	1
93	319	1
93	358	1
93	359	1
93	362	1
93	365	1
94	98	3
94	100	1
94	140	2
94	174	1
94	184	1
94	212	1
94	223	2
94	227	2
94	233	1
94	247	1
94	257	3
94	272	1
94	320	1
94	335	3
94	363	1
94	367	2
95	97	1
95	104	1
95	112	2
95	125	1
95	135	1
95	172	1
95	179	2
95	232	1
95	233	1
95	253	1
95	293	1
96	98	1
96	151	1
96	166	1
96	178	1
96	227	1
96	293	1
96	306	1
96	307	1
96	310	1
96	319	2
96	320	1
97	122	1
97	150	1
97	160	1
97	180	1
97	193	1
97	198	2
97	210	1
97	215	1
97	217	1
97	234	1
97	240	1
97	253	1
97	258	3
97	289	1
97	290	1
97	329	1
97	367	1
98	100	2
98	114	1
98	120	1
98	140	1
98	141	1
98	215	1
98	227	1
98	239	2
98	301	1
98	320	2
98	335	1
99	119	2
99	121	1
99	150	2
99	164	2
99	197	1
99	202	1
99	216	2
99	220	1
99	226	1
99	231	1
99	252	1
99	318	1
100	115	1
100	140	1
100	149	2
100	155	1
100	188	1
100	196	1
100	212	1
100	213	1
100	227	1
100	235	1
100	236	1
100	237	1
100	242	1
100	282	1
100	320	2
100	357	1
101	143	1
101	144	1
101	161	1
101	199	1
101	229	1
101	245	1
101	268	1
101	291	1
101	303	1
101	304	1
101	305	1
101	360	1
102	114	1
102	118	1
102	135	2
102	137	2
102	149	2
102	153	1
102	202	1
102	214	1
102	217	1
102	237	1
102	288	1
102	307	1
102	341	1
103	114	1
103	133	1
103	156	1
103	162	1
103	214	1
103	244	1
103	246	1
103	250	1
103	265	5
103	276	1
103	291	1
103	295	1
103	296	1
103	301	1
103	330	1
103	362	1
104	107	1
104	111	1
104	153	1
104	157	1
104	179	2
104	185	1
104	189	1
104	194	2
104	209	1
104	223	1
104	254	1
104	269	2
104	304	1
104	314	1
105	109	3
105	122	1
105	128	1
105	151	1
105	161	1
105	216	1
105	232	1
105	235	1
105	236	1
105	245	1
105	246	1
105	271	1
105	279	1
105	337	1
106	107	1
106	168	1
106	173	2
106	187	1
106	206	1
106	229	1
106	357	1
107	108	1
107	126	1
107	139	1
107	176	1
107	181	1
107	196	1
107	204	1
107	240	1
107	259	1
107	283	1
107	286	1
107	313	1
107	314	1
107	326	1
107	329	1
107	343	1
108	118	1
108	139	1
108	146	1
108	148	1
108	187	1
108	208	1
108	251	1
108	270	1
108	284	1
108	305	1
108	318	1
108	329	1
108	343	3
109	150	1
109	161	1
109	164	1
109	182	1
109	193	1
109	199	1
109	209	1
109	239	1
109	249	1
109	263	2
109	296	1
109	308	1
109	335	1
109	337	1
110	115	1
110	118	2
110	120	1
110	123	1
110	126	1
110	127	1
110	139	2
110	143	3
110	153	1
110	166	1
110	172	1
110	173	2
110	183	1
110	217	1
110	242	1
110	243	2
110	246	1
110	253	1
110	257	1
110	260	1
110	262	1
110	295	1
110	300	1
110	324	1
110	340	1
110	364	2
111	113	2
111	139	1
111	146	2
111	175	1
111	179	3
111	186	1
111	194	1
111	199	1
111	210	1
111	354	3
112	157	1
112	163	1
112	165	1
112	174	1
112	181	2
112	203	1
112	213	1
112	235	1
112	239	1
112	264	1
112	311	1
112	337	1
112	358	1
113	186	1
113	230	6
113	259	1
113	281	1
113	303	1
113	326	1
113	332	1
114	170	1
114	184	1
114	189	1
114	208	1
114	220	1
114	226	1
114	229	1
114	232	1
114	284	1
114	301	1
114	317	2
114	323	1
114	368	2
115	118	1
115	133	1
115	135	1
115	139	1
115	146	1
115	183	2
115	203	1
115	262	2
115	276	1
115	321	2
115	353	1
116	125	4
116	137	1
116	138	1
116	147	4
116	168	1
116	182	2
116	196	2
116	289	1
116	336	1
117	133	2
117	153	1
117	197	1
117	207	1
117	208	1
117	209	1
117	229	1
117	248	1
117	257	1
117	283	1
117	284	2
117	286	1
117	340	2
118	123	1
118	124	1
118	128	1
118	134	1
118	139	2
118	143	3
118	153	1
118	166	3
118	167	4
118	187	1
118	202	1
118	207	2
118	208	1
118	217	2
118	234	1
118	242	2
118	243	1
118	260	1
118	262	1
118	270	1
118	294	1
118	364	1
119	127	1
119	145	1
119	148	1
119	161	1
119	164	1
119	170	1
119	188	1
119	233	1
119	248	1
119	287	1
119	355	1
119	363	1
120	137	1
120	150	2
120	152	1
120	161	1
120	171	1
120	186	1
120	197	1
120	202	1
120	249	1
120	250	1
120	350	1
121	127	2
121	161	1
121	171	1
121	195	1
121	202	1
121	209	1
121	231	1
121	246	2
121	258	1
121	301	1
121	330	1
121	350	1
122	123	1
122	160	1
122	167	1
122	173	2
122	177	2
122	204	1
122	208	1
122	212	1
122	229	1
122	246	1
122	279	1
123	131	1
123	134	1
123	139	1
123	142	1
123	143	1
123	144	1
123	177	1
123	191	1
123	215	1
123	221	1
123	237	1
123	243	1
123	255	1
123	271	1
123	281	1
123	282	1
123	313	1
123	353	1
124	127	1
124	161	1
124	201	2
124	208	1
124	280	1
124	347	1
124	357	1
125	150	1
125	165	5
125	182	1
125	255	1
125	276	1
125	287	1
126	129	1
126	140	1
126	152	1
126	181	1
126	189	1
126	201	1
126	209	1
126	222	1
126	230	1
126	349	2
127	192	1
127	213	1
127	246	1
127	248	1
127	266	1
127	271	1
127	280	1
127	301	1
127	357	1
127	368	2
128	141	1
128	143	1
128	166	1
128	203	1
128	207	1
128	213	1
128	236	1
128	242	1
128	345	1
128	348	1
129	152	1
129	175	1
129	189	1
129	197	1
129	224	1
129	261	1
129	287	1
129	290	1
129	292	1
129	315	1
129	358	1
130	139	1
130	143	1
130	157	1
130	164	2
130	175	1
130	214	1
130	222	1
130	224	1
130	226	1
130	248	1
130	252	1
130	276	1
130	284	1
130	291	1
130	295	1
130	297	1
130	362	1
131	133	1
131	136	1
131	144	2
131	157	1
131	169	5
131	180	1
131	189	1
131	190	1
131	191	1
131	205	1
131	257	1
131	268	4
131	278	1
131	342	1
131	344	1
132	140	1
132	152	3
132	282	1
132	285	1
132	326	1
132	342	1
133	169	1
133	173	1
133	184	1
133	192	1
133	229	1
133	292	1
133	353	1
134	162	1
134	167	1
134	169	1
134	202	2
134	220	1
134	250	2
134	258	1
134	264	1
134	334	2
134	350	1
134	356	1
135	145	1
135	149	2
135	154	1
135	174	1
135	183	1
135	212	1
135	219	1
135	270	1
135	293	1
135	297	1
135	298	1
135	303	1
136	170	2
136	172	1
136	198	1
136	204	1
136	243	1
136	310	1
136	326	1
136	361	1
137	147	1
137	157	1
137	161	1
137	182	1
137	184	1
137	228	1
137	253	1
137	272	1
137	289	1
137	292	3
137	306	1
137	315	1
138	140	1
138	145	1
138	147	1
138	171	1
138	197	1
138	220	1
138	262	1
138	315	1
138	357	1
139	141	1
139	143	2
139	146	1
139	155	1
139	159	1
139	162	1
139	166	1
139	167	2
139	172	1
139	173	1
139	175	2
139	179	1
139	183	2
139	187	1
139	198	3
139	217	1
139	222	1
139	223	1
139	224	1
139	240	1
139	243	2
139	262	1
139	274	1
139	282	1
139	291	1
139	306	2
139	329	1
139	336	1
139	343	1
139	354	1
140	147	2
140	154	1
140	163	1
140	184	1
140	227	1
140	293	1
140	302	1
140	309	1
140	320	2
140	363	2
141	147	2
141	162	1
141	166	1
141	170	1
141	172	1
141	175	2
141	178	1
141	185	1
141	198	1
141	199	1
141	211	1
141	218	1
141	239	1
141	243	1
141	274	1
141	277	1
141	299	1
141	335	2
141	336	6
141	349	1
141	363	1
142	185	1
142	215	1
142	240	1
142	264	1
142	349	1
142	352	1
143	167	1
143	206	1
143	213	1
143	216	1
143	224	1
143	242	1
143	243	1
143	245	1
143	271	1
143	276	1
143	288	1
143	291	1
143	305	1
143	340	1
143	351	1
143	360	2
144	152	1
144	175	1
144	191	2
144	262	1
144	270	1
144	308	1
144	310	1
144	322	1
144	332	1
145	162	1
145	170	1
145	212	1
145	236	1
145	298	1
145	299	4
145	317	1
145	341	1
146	157	1
146	159	1
146	163	1
146	175	1
146	179	2
146	256	3
146	316	1
146	346	1
146	354	2
146	366	1
146	367	1
147	155	1
147	182	1
147	184	1
147	199	1
147	211	1
147	218	2
147	254	1
147	289	1
147	298	1
147	299	1
147	331	2
147	333	1
147	335	1
147	336	2
147	363	1
147	365	1
148	178	1
148	180	2
148	261	1
148	268	1
148	307	1
148	326	1
148	344	2
148	352	2
149	155	1
149	176	1
149	237	1
149	282	1
149	367	1
150	180	1
150	186	1
150	197	1
150	228	1
150	255	1
150	256	1
150	280	1
151	176	1
151	190	1
151	236	1
151	251	1
151	305	1
151	337	1
152	188	1
152	198	1
152	210	1
152	263	1
152	318	1
152	335	1
152	336	1
152	366	1
153	162	1
153	173	1
153	189	1
153	202	2
153	207	1
153	217	1
153	243	1
153	253	1
153	264	1
153	265	1
153	283	1
153	286	1
153	294	1
153	312	1
153	362	1
154	184	1
154	206	1
154	239	1
154	269	1
154	285	1
154	302	1
154	306	1
154	309	2
154	320	1
154	327	2
154	333	1
155	167	1
155	175	1
155	194	1
155	227	1
155	233	1
155	237	1
155	240	1
155	241	1
155	274	1
155	288	1
155	298	1
155	315	1
155	333	1
156	168	1
156	192	1
156	201	1
156	202	1
156	221	2
156	230	1
156	234	2
156	290	1
156	316	1
156	328	3
157	159	2
157	205	1
157	260	1
157	269	1
157	278	1
157	358	1
158	187	1
158	263	2
159	175	1
159	187	1
159	198	2
159	217	1
159	281	1
159	313	1
159	326	1
159	344	1
159	352	1
160	170	1
160	197	1
160	214	1
160	290	1
160	341	1
160	343	1
161	167	1
161	201	1
161	232	2
161	246	1
161	281	1
162	163	2
162	172	1
162	175	1
162	200	1
162	208	1
162	243	1
162	261	1
162	274	1
162	296	1
162	297	1
162	336	1
163	225	1
163	227	1
163	302	1
163	309	1
163	366	1
164	175	1
164	182	1
164	226	1
164	252	1
164	306	1
165	210	1
165	211	1
165	215	1
165	274	1
166	167	1
166	172	2
166	173	1
166	198	2
166	201	1
166	214	1
166	216	1
166	217	1
166	226	1
166	242	1
166	252	1
166	294	1
166	295	1
166	300	1
166	306	2
166	328	1
166	349	1
167	173	1
167	186	1
167	187	1
167	217	1
167	240	1
167	252	1
167	288	1
167	300	1
167	305	1
167	306	1
168	173	1
168	194	1
168	200	1
168	202	1
168	217	1
168	275	1
168	299	1
168	300	1
168	346	1
168	362	1
168	368	1
169	189	1
169	195	1
169	205	2
169	258	1
169	268	2
169	344	1
170	194	1
170	199	1
170	201	1
170	238	1
170	246	1
170	325	1
170	359	1
171	282	1
172	175	1
172	185	1
172	197	1
172	198	1
172	216	1
172	217	2
172	243	2
172	262	2
172	274	1
172	300	2
172	306	1
172	326	1
172	336	1
172	357	1
173	186	1
173	194	1
173	198	1
173	212	1
173	215	1
173	217	2
173	243	3
173	253	1
173	300	2
174	187	1
174	211	1
174	235	1
174	239	1
174	247	2
174	270	1
175	179	1
175	180	1
175	198	1
175	217	1
175	243	1
175	257	1
175	258	1
175	274	1
175	277	1
175	281	1
175	298	1
175	321	1
175	329	1
175	336	1
175	354	1
175	364	1
176	181	1
176	213	1
176	240	1
176	281	1
176	304	1
177	207	1
177	229	1
177	232	1
177	251	1
177	278	1
177	286	1
178	184	1
178	201	1
178	214	1
178	245	1
178	285	1
178	289	1
178	321	1
178	326	1
178	341	1
178	344	1
178	352	1
179	251	1
179	253	1
179	289	1
179	312	1
179	330	1
179	354	3
180	185	2
180	258	1
180	259	1
180	268	1
180	339	1
180	344	1
180	352	1
180	355	1
181	201	1
181	202	1
181	206	1
181	208	1
181	222	1
181	240	1
181	270	1
181	325	1
182	199	1
182	254	1
182	319	1
182	323	1
183	223	1
183	241	1
183	262	1
183	288	1
183	306	1
183	311	1
183	357	1
184	200	1
184	224	1
184	290	1
184	304	1
185	205	1
185	268	1
185	269	1
185	281	1
185	289	1
185	300	1
185	313	1
186	230	1
186	238	1
186	257	1
186	290	1
187	211	1
187	220	1
187	227	1
187	263	1
187	318	1
187	358	1
188	194	1
188	211	2
188	235	1
188	255	1
188	263	1
188	312	1
188	335	1
188	336	1
188	363	1
189	207	1
189	255	1
189	261	1
189	310	1
189	323	1
190	251	1
191	243	1
191	287	1
191	308	1
192	270	1
192	351	1
192	361	1
192	365	1
193	200	1
193	229	1
193	245	1
193	273	1
193	346	1
193	367	1
194	230	1
194	233	1
194	267	1
194	299	1
194	308	2
194	364	1
195	200	1
195	206	1
195	216	1
195	221	1
195	249	1
195	262	1
195	291	1
195	350	1
195	366	1
196	242	1
196	246	1
196	273	1
196	279	1
196	302	1
196	313	1
196	314	1
197	209	1
197	214	1
197	249	1
197	262	1
197	293	1
197	341	1
198	215	1
198	217	4
198	234	1
198	238	1
198	240	1
198	243	2
198	258	1
198	259	1
198	262	1
198	281	1
198	310	1
198	326	1
198	329	2
198	349	1
199	218	2
199	249	1
199	319	1
199	325	2
199	331	5
199	332	1
200	311	1
200	350	1
200	359	1
201	202	1
201	214	2
201	245	1
201	246	1
201	255	1
201	285	1
201	295	1
201	315	1
201	328	2
201	341	1
202	217	1
202	258	1
202	291	1
203	209	2
203	274	1
203	275	1
203	345	1
203	349	1
204	205	1
204	240	1
204	253	1
204	260	1
204	275	1
204	286	1
205	228	1
205	268	1
205	278	1
205	352	1
206	269	3
207	242	1
207	283	1
207	347	1
207	368	1
208	209	1
208	253	1
208	284	1
208	337	1
209	223	1
209	233	1
209	249	1
209	275	1
209	291	1
209	308	1
209	324	1
209	349	1
210	249	1
210	271	1
211	228	1
211	262	1
211	263	1
211	302	2
211	316	1
211	336	1
211	363	1
212	235	1
212	280	1
212	292	1
213	264	1
213	276	1
213	359	1
214	245	1
214	246	1
214	279	1
214	285	1
214	288	1
214	295	3
214	328	1
214	340	1
214	341	8
214	364	1
215	234	1
215	240	3
215	243	1
215	258	1
215	322	1
215	329	1
215	352	1
216	244	1
216	252	1
216	259	1
216	270	1
216	271	2
216	280	1
216	306	1
216	334	1
216	337	1
217	242	1
217	255	1
217	257	1
217	259	1
217	275	1
217	300	2
218	257	1
218	299	1
218	331	1
218	335	1
218	336	1
220	232	2
220	236	1
220	270	1
220	328	1
220	334	1
220	358	1
221	222	1
221	264	1
221	265	1
221	268	1
221	328	1
222	276	2
222	306	1
222	316	1
223	272	1
223	306	1
223	335	1
223	339	1
224	291	1
224	331	1
225	274	1
225	277	1
225	334	1
226	231	1
226	236	1
226	247	1
226	368	1
227	247	1
227	320	1
227	345	1
227	366	1
228	316	1
229	346	1
229	350	1
230	332	1
231	340	1
232	269	1
232	297	1
232	324	1
233	272	1
233	293	1
234	240	1
234	258	1
234	262	1
234	273	1
234	288	1
234	290	1
234	295	1
234	329	1
234	364	1
235	236	1
235	239	1
235	271	1
235	303	1
235	309	1
236	299	1
236	328	1
236	367	1
237	261	1
237	282	1
238	253	1
238	329	2
240	258	1
240	275	1
240	329	2
240	344	1
242	337	1
242	338	1
243	253	1
243	255	1
243	274	1
243	305	1
243	326	1
243	332	1
243	336	1
244	294	2
244	318	1
244	351	1
245	285	1
245	305	2
245	311	1
245	334	1
245	341	1
245	360	2
246	279	1
246	364	1
247	292	1
247	319	1
247	320	2
247	345	1
247	368	1
249	262	1
249	270	1
249	337	1
249	365	1
250	350	1
251	283	1
251	289	1
251	313	1
253	326	1
255	332	1
255	348	1
256	367	1
257	284	1
257	295	1
257	335	1
257	367	2
258	329	1
258	365	1
259	273	1
260	269	1
260	358	1
261	268	1
261	297	2
261	307	1
261	361	1
262	357	1
262	364	1
263	304	1
263	335	1
263	336	1
264	265	1
264	294	1
264	297	1
264	358	1
265	362	1
266	346	1
266	368	1
267	296	1
268	344	1
269	324	1
269	358	1
270	278	1
270	308	1
270	322	1
270	334	1
270	365	1
271	295	1
272	280	1
272	292	1
272	314	1
272	315	1
273	359	1
273	361	1
274	336	1
274	338	1
275	281	1
275	300	1
275	355	1
276	316	1
277	300	1
277	307	1
278	281	1
278	337	1
279	325	2
279	338	1
279	360	1
280	314	1
280	357	1
281	303	1
281	355	1
282	313	1
284	297	1
284	343	1
285	306	1
285	309	1
285	341	1
286	352	1
288	296	1
288	306	1
288	340	1
289	321	1
290	310	1
290	313	1
291	295	1
291	366	1
292	306	1
292	315	1
292	358	1
293	298	1
293	353	1
294	351	1
294	362	1
295	328	1
297	351	1
298	333	1
299	335	1
299	336	1
299	346	1
300	310	1
302	309	1
302	320	1
302	339	1
304	305	2
305	329	1
305	360	1
306	309	1
306	343	1
307	349	1
308	309	1
308	322	1
309	320	1
311	360	1
313	314	1
315	330	1
317	341	1
317	368	1
320	363	1
321	351	1
323	338	1
325	331	2
325	359	1
326	344	1
329	343	1
329	364	1
331	333	1
333	339	1
334	358	1
335	336	3
336	363	1
341	364	1
344	352	1
347	368	1
349	352	1
359	361	1
