1	2	3
1	3	5
1	4	25
1	5	4
1	6	10
1	7	9
1	8	32
1	9	13
1	10	4
1	11	2
1	13	2
1	14	8
1	15	10
1	17	6
1	18	5
1	19	10
1	20	23
1	21	6
1	22	7
1	23	2
1	25	1
1	27	1
1	28	6
1	29	4
1	30	2
1	31	5
1	32	1
1	33	2
1	34	4
1	35	1
1	36	4
1	37	5
1	38	11
1	41	1
1	42	6
1	43	2
1	44	4
1	45	1
1	46	6
1	47	3
1	48	7
1	50	1
1	51	2
1	52	3
1	55	1
1	56	2
1	57	5
1	58	4
1	59	2
1	60	2
1	61	3
1	62	2
1	63	4
1	64	4
1	67	1
1	68	1
1	69	3
1	71	3
1	73	1
1	74	2
1	75	2
1	77	2
1	78	1
1	79	5
1	80	1
1	81	6
1	82	2
1	84	4
1	85	3
1	86	3
1	89	1
1	92	1
1	93	4
1	94	3
1	95	1
1	97	3
1	98	3
1	101	1
1	102	4
1	103	1
1	104	3
1	105	1
1	106	2
1	107	2
1	112	1
1	113	1
1	117	2
1	119	4
1	120	2
1	123	1
1	124	2
1	125	1
1	126	2
1	128	1
1	129	3
1	130	2
1	131	1
1	134	1
1	136	4
1	137	1
1	138	3
1	140	1
1	143	1
1	145	2
1	146	1
1	147	1
1	149	1
1	150	3
1	154	2
1	155	1
1	157	1
1	160	3
1	163	2
1	165	3
1	168	2
1	169	1
1	170	2
1	171	2
1	173	2
1	174	1
1	176	1
1	180	1
1	181	1
1	185	1
1	186	1
1	194	2
1	195	1
1	196	3
1	197	1
1	198	1
1	200	1
1	204	1
1	209	1
1	211	1
1	213	2
1	215	1
1	223	1
1	225	2
1	230	1
1	231	1
1	234	1
1	236	3
1	237	1
1	238	2
1	247	1
1	250	1
1	251	1
1	253	2
1	257	3
1	258	3
1	260	2
1	261	2
2	3	4
2	5	1
2	6	5
2	7	1
2	9	3
2	10	5
2	11	2
2	14	1
2	16	25
2	17	2
2	18	4
2	21	3
2	22	2
2	23	3
2	24	15
2	25	3
2	26	13
2	27	3
2	28	1
2	29	2
2	30	4
2	32	4
2	33	7
2	34	2
2	35	1
2	36	2
2	37	1
2	38	3
2	39	3
2	41	1
2	42	1
2	43	5
2	44	2
2	45	2
2	46	4
2	48	2
2	49	8
2	50	2
2	51	7
2	55	4
2	57	3
2	58	3
2	62	7
2	66	3
2	67	1
2	70	1
2	71	1
2	74	2
2	76	7
2	83	2
2	84	2
2	85	1
2	87	6
2	89	1
2	92	1
2	96	8
2	97	2
2	98	1
2	101	5
2	103	3
2	104	1
2	108	1
2	109	1
2	110	1
2	113	1
2	119	2
2	120	2
2	121	3
2	126	1
2	127	2
2	128	1
2	129	1
2	132	2
2	133	1
2	134	1
2	136	2
2	137	1
2	141	3
2	142	2
2	143	1
2	144	4
2	148	1
2	152	4
2	153	1
2	155	1
2	156	4
2	159	1
2	160	1
2	161	3
2	165	2
2	169	1
2	174	1
2	175	1
2	179	1
2	182	5
2	183	1
2	184	3
2	185	1
2	186	1
2	188	4
2	191	1
2	193	1
2	197	1
2	199	1
2	201	1
2	203	1
2	205	1
2	206	1
2	208	3
2	209	1
2	217	1
2	230	1
2	232	4
2	239	1
2	240	4
2	241	3
2	242	4
2	244	3
2	245	1
2	246	4
2	247	2
2	252	1
2	255	1
2	259	5
2	260	3
2	261	1
3	4	3
3	6	9
3	9	6
3	10	13
3	11	7
3	13	1
3	14	1
3	15	8
3	16	2
3	17	3
3	18	6
3	21	1
3	22	3
3	23	2
3	24	3
3	25	10
3	28	1
3	31	1
3	33	4
3	34	2
3	35	1
3	36	2
3	40	3
3	42	2
3	43	3
3	44	3
3	46	1
3	47	4
3	48	3
3	49	1
3	50	1
3	51	3
3	55	2
3	56	5
3	57	1
3	58	6
3	59	1
3	60	1
3	61	1
3	62	1
3	63	2
3	67	3
3	70	8
3	73	2
3	74	2
3	75	3
3	77	1
3	83	2
3	84	2
3	85	1
3	87	3
3	89	1
3	92	2
3	96	2
3	98	1
3	100	1
3	101	1
3	109	6
3	113	3
3	117	1
3	119	2
3	121	2
3	125	1
3	126	1
3	128	1
3	131	1
3	132	2
3	134	2
3	135	1
3	139	1
3	141	1
3	142	1
3	143	3
3	144	3
3	145	1
3	153	2
3	162	3
3	163	1
3	164	1
3	165	1
3	168	2
3	172	3
3	175	1
3	179	3
3	181	1
3	183	1
3	184	1
3	186	1
3	188	1
3	190	2
3	193	1
3	194	2
3	196	1
3	197	1
3	199	1
3	203	1
3	204	2
3	205	2
3	206	1
3	209	1
3	214	1
3	215	2
3	216	1
3	217	1
3	219	1
3	224	1
3	227	2
3	234	1
3	241	1
3	246	1
3	247	1
3	252	2
3	258	1
4	6	1
4	7	22
4	8	6
4	9	4
4	10	1
4	13	14
4	14	20
4	15	3
4	17	1
4	18	1
4	19	13
4	20	2
4	25	1
4	27	1
4	28	6
4	31	4
4	32	3
4	35	6
4	36	2
4	37	5
4	41	4
4	42	2
4	45	1
4	46	1
4	47	1
4	54	2
4	61	4
4	64	1
4	69	2
4	72	5
4	77	3
4	78	1
4	80	2
4	81	2
4	82	3
4	86	6
4	88	2
4	89	1
4	90	1
4	93	4
4	99	1
4	104	1
4	105	1
4	106	2
4	112	1
4	117	3
4	124	2
4	125	2
4	128	1
4	134	1
4	135	1
4	136	1
4	145	3
4	147	5
4	149	1
4	150	6
4	151	3
4	166	3
4	169	1
4	171	2
4	174	1
4	176	2
4	190	1
4	194	1
4	199	1
4	207	1
4	208	1
4	210	1
4	211	2
4	213	1
4	223	1
4	226	3
4	231	1
4	234	1
4	238	2
4	243	1
4	251	1
5	6	2
5	8	1
5	10	3
5	11	5
5	17	8
5	23	1
5	26	1
5	27	1
5	29	1
5	30	6
5	32	6
5	33	3
5	34	1
5	37	1
5	38	2
5	39	1
5	43	2
5	45	1
5	49	1
5	50	2
5	52	3
5	53	3
5	55	1
5	56	4
5	59	2
5	62	1
5	65	1
5	68	1
5	73	3
5	75	1
5	85	1
5	89	1
5	107	2
5	108	1
5	110	1
5	114	1
5	115	1
5	116	3
5	117	1
5	122	1
5	131	1
5	135	1
5	139	1
5	159	1
5	160	1
5	163	2
5	177	1
5	198	1
5	199	1
5	202	2
5	210	1
5	229	1
5	230	1
5	233	1
5	245	2
5	248	1
5	249	1
5	255	1
6	7	1
6	9	1
6	10	14
6	11	7
6	15	1
6	18	5
6	21	2
6	22	2
6	23	2
6	28	2
6	30	1
6	34	5
6	38	2
6	40	2
6	41	1
6	42	1
6	43	1
6	45	1
6	46	1
6	47	1
6	48	2
6	52	1
6	54	1
6	56	1
6	60	1
6	63	1
6	78	1
6	80	1
6	84	2
6	85	1
6	92	1
6	94	1
6	95	1
6	100	3
6	102	3
6	103	4
6	113	1
6	116	1
6	130	1
6	134	1
6	138	2
6	140	1
6	141	2
6	142	1
6	143	1
6	149	1
6	154	2
6	156	1
6	160	1
6	174	1
6	179	1
6	183	2
6	184	1
6	189	1
6	193	2
6	194	1
6	195	1
6	197	2
6	205	1
6	227	1
6	234	1
6	255	1
6	256	1
7	8	3
7	9	1
7	13	11
7	14	11
7	19	6
7	20	1
7	21	1
7	22	1
7	28	2
7	29	1
7	31	1
7	35	2
7	41	7
7	42	3
7	45	1
7	54	4
7	61	2
7	64	5
7	69	3
7	72	2
7	77	1
7	80	2
7	82	3
7	86	6
7	88	3
7	90	2
7	93	3
7	94	4
7	95	1
7	99	2
7	100	2
7	105	1
7	106	2
7	107	1
7	112	1
7	123	2
7	125	2
7	146	2
7	147	1
7	150	2
7	151	2
7	153	1
7	166	2
7	170	3
7	180	2
7	194	1
7	199	1
7	208	1
7	213	1
7	223	1
7	226	1
7	237	3
7	238	1
7	243	2
8	9	3
8	13	3
8	14	1
8	15	5
8	17	1
8	19	2
8	20	3
8	21	1
8	23	1
8	24	1
8	28	6
8	29	3
8	35	1
8	36	1
8	37	7
8	41	1
8	46	1
8	47	1
8	60	2
8	63	2
8	64	1
8	69	2
8	74	1
8	77	1
8	79	1
8	80	3
8	81	1
8	82	1
8	88	1
8	94	1
8	99	1
8	100	1
8	104	1
8	112	1
8	124	2
8	125	1
8	126	1
8	130	2
8	147	1
8	150	1
8	163	1
8	164	1
8	170	1
8	171	2
8	173	1
8	180	1
8	189	1
8	194	2
8	196	1
8	207	1
8	212	2
8	223	1
8	227	1
8	237	1
8	250	2
8	251	1
8	257	1
9	10	1
9	11	4
9	13	1
9	14	1
9	15	8
9	17	1
9	18	2
9	19	1
9	20	1
9	21	2
9	22	1
9	25	1
9	28	2
9	31	2
9	35	1
9	36	3
9	37	1
9	41	2
9	42	1
9	43	1
9	47	3
9	54	2
9	56	2
9	63	1
9	66	2
9	67	4
9	69	2
9	72	1
9	78	1
9	80	1
9	98	1
9	100	1
9	102	2
9	105	1
9	112	1
9	119	1
9	125	2
9	128	1
9	139	1
9	149	1
9	153	1
9	180	1
9	185	1
9	197	3
9	203	1
9	204	1
9	207	2
9	208	1
9	211	2
9	216	1
9	235	2
9	243	1
9	255	1
10	11	4
10	15	1
10	17	1
10	18	2
10	20	2
10	22	1
10	23	1
10	24	1
10	28	1
10	30	1
10	32	1
10	34	1
10	35	1
10	40	2
10	42	1
10	43	1
10	45	1
10	47	2
10	55	1
10	56	1
10	57	1
10	58	2
10	60	1
10	61	1
10	63	1
10	70	1
10	74	1
10	75	2
10	84	2
10	91	2
10	97	1
10	100	2
10	101	1
10	102	1
10	113	1
10	116	1
10	119	1
10	140	1
10	142	1
10	143	1
10	149	2
10	154	1
10	155	1
10	174	1
10	181	1
10	191	2
10	193	4
10	197	3
10	204	1
10	215	1
10	217	1
10	245	1
10	249	1
10	255	1
10	256	1
11	12	1
11	15	2
11	17	1
11	19	1
11	21	4
11	22	2
11	23	1
11	27	1
11	28	1
11	35	4
11	41	1
11	45	1
11	46	1
11	53	1
11	55	1
11	58	1
11	59	1
11	60	3
11	61	1
11	63	3
11	66	1
11	67	1
11	90	1
11	91	1
11	98	1
11	112	1
11	114	1
11	118	1
11	139	1
11	141	1
11	142	2
11	151	1
11	157	1
11	183	1
11	190	1
11	192	1
11	197	3
11	201	1
11	205	1
11	221	1
11	223	1
11	249	1
11	254	1
12	17	2
12	21	1
12	22	1
12	23	1
12	27	5
12	33	1
12	45	1
12	50	2
12	53	1
12	65	6
12	71	1
12	92	1
12	114	1
12	122	6
12	128	1
12	133	4
12	158	3
12	162	1
12	175	1
12	187	4
12	199	1
12	218	1
12	220	3
12	221	4
12	229	1
12	230	1
13	14	8
13	19	2
13	25	2
13	27	1
13	29	3
13	31	2
13	35	3
13	37	1
13	41	1
13	42	2
13	61	1
13	69	3
13	72	4
13	77	4
13	79	1
13	80	2
13	82	4
13	86	1
13	88	3
13	90	3
13	93	3
13	94	1
13	99	2
13	100	2
13	112	1
13	123	1
13	125	1
13	145	1
13	146	1
13	147	4
13	151	2
13	166	2
13	189	1
13	203	1
13	226	1
13	243	1
13	251	4
14	19	4
14	20	2
14	23	2
14	28	2
14	29	2
14	31	1
14	34	2
14	35	1
14	37	1
14	41	2
14	42	4
14	43	1
14	46	1
14	64	2
14	69	1
14	72	3
14	74	1
14	77	2
14	80	1
14	81	1
14	82	2
14	88	1
14	93	2
14	94	1
14	95	1
14	99	1
14	105	2
14	106	1
14	107	1
14	120	1
14	125	1
14	137	1
14	138	1
14	139	1
14	143	1
14	146	1
14	147	1
14	150	3
14	151	1
14	166	2
14	176	1
14	181	3
14	225	1
14	251	2
15	18	3
15	21	1
15	22	1
15	25	1
15	28	1
15	29	1
15	32	2
15	36	5
15	37	2
15	40	1
15	41	3
15	42	1
15	44	1
15	46	2
15	47	3
15	51	1
15	55	1
15	59	1
15	63	3
15	66	3
15	67	1
15	78	3
15	80	1
15	81	1
15	88	1
15	89	1
15	91	1
15	95	1
15	105	1
15	108	1
15	119	1
15	124	1
15	130	1
15	131	1
15	132	2
15	163	1
15	168	1
15	178	1
15	183	1
15	185	1
15	191	1
15	198	1
15	207	1
15	209	1
15	228	1
15	235	1
15	254	1
16	24	5
16	25	1
16	26	1
16	51	1
16	87	3
16	120	2
16	127	1
16	152	4
16	156	3
16	161	2
16	182	1
16	184	2
16	188	1
16	240	1
16	241	1
16	242	2
16	244	1
17	18	1
17	19	1
17	20	3
17	21	1
17	22	1
17	23	2
17	27	2
17	33	1
17	35	1
17	38	1
17	45	1
17	48	1
17	50	4
17	53	1
17	55	1
17	61	1
17	66	1
17	70	1
17	75	1
17	81	1
17	92	1
17	98	2
17	111	1
17	114	4
17	118	1
17	126	1
17	131	2
17	136	1
17	157	1
17	162	1
17	167	3
17	171	1
17	183	1
17	191	1
17	199	1
17	200	2
17	212	1
17	217	1
17	234	3
17	245	1
18	21	1
18	22	1
18	23	1
18	25	1
18	27	2
18	29	1
18	32	4
18	33	1
18	38	2
18	39	2
18	40	1
18	42	1
18	51	1
18	53	2
18	55	2
18	57	1
18	59	1
18	60	1
18	62	2
18	68	1
18	71	1
18	73	1
18	75	1
18	83	1
18	84	2
18	89	1
18	97	1
18	98	1
18	101	2
18	103	1
18	108	6
18	109	1
18	113	1
18	148	1
18	163	1
18	165	1
18	168	1
18	176	1
18	178	4
18	189	1
18	191	1
18	193	1
18	200	1
18	204	1
18	205	1
18	215	1
18	222	1
18	228	1
18	234	1
18	245	1
19	20	1
19	21	1
19	23	1
19	28	4
19	29	1
19	31	1
19	36	2
19	37	1
19	41	1
19	45	1
19	48	1
19	61	1
19	66	1
19	71	1
19	77	1
19	80	2
19	81	3
19	82	1
19	86	2
19	93	2
19	98	1
19	100	1
19	106	1
19	110	1
19	117	1
19	124	1
19	125	1
19	134	1
19	136	1
19	139	1
19	145	1
19	147	1
19	150	3
19	151	1
19	169	1
19	170	1
19	176	1
19	223	1
19	231	1
19	257	1
20	28	1
20	37	1
20	48	1
20	56	1
20	64	1
20	74	1
20	79	2
20	81	1
20	98	1
20	104	1
20	106	1
20	107	1
20	119	1
20	120	1
20	130	1
20	134	1
20	143	1
20	155	1
20	157	1
20	163	2
20	165	1
20	171	1
20	177	1
20	186	1
20	196	2
20	200	1
20	212	2
20	225	1
20	236	2
20	253	1
20	257	1
20	258	2
21	27	1
21	35	1
21	37	2
21	38	1
21	39	1
21	41	1
21	46	1
21	48	1
21	50	1
21	56	1
21	59	1
21	60	1
21	76	1
21	79	1
21	97	1
21	102	1
21	103	1
21	105	1
21	106	1
21	108	1
21	132	1
21	149	2
21	167	1
21	178	1
21	186	1
21	187	1
21	198	1
21	209	1
21	224	1
22	33	1
22	37	3
22	38	1
22	40	1
22	42	1
22	46	2
22	51	1
22	62	1
22	63	1
22	73	1
22	79	2
22	118	1
22	121	1
22	131	1
22	135	2
22	141	1
22	144	1
22	175	1
22	205	1
22	214	1
22	239	1
22	248	1
22	255	1
23	24	1
23	27	3
23	32	2
23	34	7
23	39	3
23	45	1
23	46	1
23	53	4
23	56	1
23	60	1
23	70	2
23	73	1
23	98	1
23	108	1
23	110	1
23	114	1
23	128	1
23	130	1
23	157	1
23	160	1
23	178	1
23	187	1
23	189	1
23	193	1
23	200	1
23	209	1
23	217	1
24	25	1
24	26	1
24	34	1
24	38	1
24	42	1
24	46	2
24	49	1
24	56	1
24	62	1
24	73	2
24	75	1
24	84	1
24	87	3
24	101	1
24	129	1
24	141	1
24	152	2
24	182	2
24	184	1
24	188	1
24	200	1
24	201	1
24	209	1
24	241	2
24	256	1
25	28	1
25	29	1
25	32	1
25	36	1
25	47	1
25	51	1
25	65	1
25	72	1
25	81	1
25	85	1
25	106	1
25	117	1
25	138	1
25	203	1
25	222	1
25	253	1
25	258	1
26	30	4
26	33	1
26	45	1
26	55	1
26	66	1
26	70	2
26	73	1
26	75	1
26	97	1
26	98	1
26	101	2
26	129	1
26	131	1
26	149	1
26	152	1
26	158	1
26	164	1
26	168	1
26	189	2
26	191	2
26	233	2
26	247	1
27	30	2
27	33	2
27	39	1
27	45	2
27	51	1
27	53	1
27	55	1
27	58	1
27	59	2
27	65	1
27	98	1
27	104	1
27	108	1
27	114	2
27	147	1
27	165	1
27	174	1
27	175	2
27	187	2
27	200	1
27	201	2
27	205	1
27	218	1
28	29	3
28	31	1
28	34	1
28	35	1
28	36	1
28	41	1
28	42	1
28	43	3
28	46	1
28	47	1
28	48	1
28	74	1
28	80	1
28	81	2
28	93	1
28	99	2
28	100	2
28	117	1
28	137	1
28	139	1
28	141	1
28	143	3
28	147	1
28	149	1
28	170	1
28	173	1
28	181	2
28	191	1
28	223	1
28	237	1
28	250	1
28	253	2
28	261	1
29	35	1
29	37	1
29	41	1
29	46	1
29	54	6
29	61	1
29	74	1
29	81	1
29	82	2
29	86	1
29	88	1
29	93	1
29	95	2
29	98	1
29	100	1
29	106	1
29	112	2
29	139	1
29	146	2
29	147	1
29	166	1
29	169	1
29	170	3
29	176	1
29	180	1
29	200	1
29	253	1
29	257	1
30	32	1
30	33	1
30	50	1
30	58	1
30	65	1
30	71	1
30	75	1
30	91	1
30	100	1
30	110	1
30	116	2
30	141	1
30	148	1
30	163	1
30	167	1
30	168	1
30	231	1
31	35	2
31	45	1
31	61	1
31	64	2
31	67	1
31	72	1
31	80	1
31	88	1
31	90	2
31	99	1
31	123	1
31	124	1
31	153	1
31	169	1
31	173	1
31	176	1
31	181	1
31	203	2
31	226	1
31	231	1
32	34	1
32	39	1
32	41	3
32	44	1
32	45	1
32	50	2
32	53	2
32	55	1
32	61	1
32	65	1
32	71	2
32	76	1
32	80	1
32	101	1
32	108	3
32	114	1
32	117	1
32	164	1
32	171	1
32	178	2
32	189	1
32	201	1
32	228	1
32	244	1
33	71	1
33	76	1
33	92	1
33	101	1
33	108	1
33	127	1
33	159	1
33	164	1
33	165	1
33	175	1
33	205	1
33	242	1
33	259	1
34	36	1
34	39	3
34	43	1
34	46	2
34	53	5
34	55	1
34	60	3
34	73	1
34	91	1
34	98	1
34	100	1
34	103	1
34	108	2
34	110	1
34	126	1
34	128	1
34	138	1
34	143	1
34	160	1
34	178	1
34	193	1
34	200	1
34	209	1
34	254	1
35	37	1
35	42	1
35	45	1
35	47	1
35	54	1
35	61	3
35	63	1
35	64	2
35	77	1
35	79	1
35	82	1
35	88	1
35	90	2
35	125	1
35	126	1
35	134	1
35	145	1
35	151	1
35	153	1
35	192	1
35	211	2
35	223	1
35	226	1
35	231	1
35	256	1
36	46	1
36	56	1
36	59	1
36	60	1
36	61	1
36	70	1
36	79	1
36	94	1
36	105	1
36	119	1
36	124	1
36	126	2
36	129	1
36	190	1
36	207	1
36	222	1
36	225	1
36	235	1
36	258	2
37	46	1
37	48	1
37	55	1
37	63	2
37	69	1
37	77	1
37	98	1
37	117	1
37	130	1
37	149	1
37	163	1
37	171	1
38	42	1
38	44	1
38	48	1
38	57	2
38	62	1
38	65	1
38	84	2
38	102	2
38	129	1
38	130	1
38	140	1
38	154	1
38	165	1
38	167	1
38	195	1
38	199	1
38	256	1
39	53	4
39	60	2
39	71	2
39	83	1
39	98	1
39	108	4
39	110	2
39	119	1
39	128	1
39	133	1
39	148	1
39	174	1
39	178	3
39	201	1
40	50	1
40	59	2
40	66	1
40	67	1
40	73	2
40	74	1
40	83	5
40	113	1
40	141	2
40	162	2
40	172	3
40	183	1
40	198	2
40	205	1
40	214	3
40	218	1
40	253	1
41	44	1
41	46	1
41	47	1
41	48	1
41	63	1
41	64	1
41	66	1
41	72	1
41	80	1
41	82	1
41	88	3
41	95	1
41	99	1
41	100	1
41	125	1
41	137	1
41	145	1
41	171	1
41	185	1
41	194	1
41	199	1
41	208	1
41	209	1
41	211	1
41	228	1
41	243	1
42	46	1
42	62	1
42	64	1
42	80	1
42	84	2
42	109	1
42	119	1
42	166	1
42	176	1
42	181	1
42	186	1
42	217	1
42	248	1
42	256	1
43	46	1
43	49	1
43	51	2
43	52	1
43	62	1
43	75	1
43	100	2
43	113	2
43	121	1
43	139	1
43	143	3
43	149	1
43	165	1
43	181	2
43	191	1
43	202	1
43	240	1
43	255	1
43	261	1
44	47	1
44	58	1
44	59	1
44	62	1
44	78	1
44	123	2
44	180	1
44	192	1
45	47	1
45	61	1
45	86	1
45	90	1
45	92	1
45	103	1
45	111	2
45	114	1
45	135	1
45	164	1
45	179	1
45	191	1
45	217	1
45	248	1
46	60	1
46	84	1
46	98	1
46	100	1
46	106	1
46	109	1
46	135	2
46	143	1
46	182	2
46	186	1
46	200	1
46	239	1
46	254	1
47	48	1
47	56	2
47	66	2
47	78	2
47	113	1
47	119	1
47	136	1
47	190	1
48	53	1
48	54	1
48	55	1
48	60	1
48	61	1
48	80	1
48	126	1
48	138	1
48	153	1
48	165	1
48	183	1
48	194	2
48	235	1
49	68	1
49	74	2
49	101	1
49	121	2
49	144	1
49	156	1
49	159	1
49	161	1
49	188	1
49	202	1
49	219	1
49	239	1
49	260	1
50	62	1
50	65	2
50	71	1
50	76	1
50	89	1
50	92	1
50	100	1
50	109	1
50	111	2
50	117	1
50	139	1
50	141	1
50	167	3
50	202	1
50	204	1
50	224	1
50	231	1
50	233	1
50	234	2
50	253	1
50	255	1
51	55	1
51	70	1
51	96	1
51	134	1
51	240	1
52	56	1
52	57	1
52	62	1
52	91	1
52	154	1
52	210	1
53	55	3
53	59	1
53	71	1
53	98	1
53	104	1
53	108	3
53	110	1
53	122	1
53	148	1
53	178	2
53	183	1
53	198	1
54	64	1
54	90	1
54	95	1
54	106	1
54	107	1
54	112	2
54	124	1
54	138	1
54	146	3
54	166	1
54	170	1
54	180	2
54	257	1
55	57	1
55	59	1
55	70	1
55	108	3
55	148	1
55	178	2
55	183	1
55	191	1
55	197	1
55	228	1
55	247	1
55	254	1
56	59	1
56	62	2
56	68	1
56	70	3
56	92	1
56	107	1
56	130	1
56	131	1
56	134	1
56	190	1
56	217	1
57	58	2
57	67	1
57	84	1
57	174	1
58	59	2
58	67	1
58	109	1
59	91	1
59	113	1
59	154	1
59	185	1
59	198	1
59	258	1
60	67	1
60	83	1
60	104	1
60	108	2
60	126	1
60	128	1
60	142	1
60	178	1
60	186	1
60	193	1
60	235	1
60	254	2
61	64	1
61	77	1
61	79	1
61	86	1
61	112	1
61	129	1
61	139	1
61	145	2
61	211	2
61	226	1
62	68	1
62	83	1
62	92	1
62	142	1
62	202	1
62	213	1
62	215	1
62	252	1
63	66	1
63	69	1
63	70	1
63	131	1
63	155	1
63	185	1
63	193	1
63	209	1
63	233	1
64	69	1
64	72	1
64	77	2
64	88	2
64	90	2
64	93	1
64	99	1
64	170	1
64	180	1
64	181	1
64	203	1
64	223	1
64	256	1
65	71	1
65	114	1
65	122	3
65	158	1
65	220	2
65	221	3
66	78	2
66	98	1
66	104	1
66	118	1
66	139	1
66	164	1
66	185	1
66	203	1
66	209	1
66	218	1
67	83	1
67	128	1
67	141	1
67	142	1
67	153	1
67	172	1
67	185	1
67	205	1
67	235	1
68	89	1
68	115	1
68	219	2
68	221	1
68	249	1
69	72	1
69	77	1
69	81	1
69	82	1
69	86	1
69	88	1
69	93	3
69	99	2
69	139	1
69	211	1
69	223	1
69	226	1
69	251	2
70	101	1
70	129	1
70	131	1
70	161	1
70	206	1
70	217	1
70	247	1
71	101	1
71	133	1
71	135	1
71	140	1
71	224	1
72	77	1
72	86	2
72	93	1
72	117	1
72	203	1
72	238	1
72	243	1
72	251	3
73	75	2
73	85	1
73	97	1
73	141	1
73	200	1
73	209	1
73	214	2
73	236	1
74	216	2
75	109	1
75	129	1
75	135	1
75	168	1
75	245	1
76	96	1
76	246	3
76	259	1
77	80	1
77	82	1
77	88	1
77	99	1
77	106	1
77	123	1
77	125	1
77	145	1
77	150	1
77	173	1
77	251	1
78	126	1
79	85	1
79	107	1
79	129	1
79	236	2
79	258	2
80	81	1
80	94	1
80	95	1
80	123	1
80	147	1
80	171	1
80	207	1
80	243	1
81	125	1
81	136	1
81	139	1
81	173	1
81	181	1
81	253	2
82	86	1
82	88	3
82	90	1
82	93	1
82	99	1
82	100	2
82	106	1
82	124	1
82	147	1
82	150	1
82	166	2
82	190	1
82	225	2
82	243	1
83	108	1
83	172	4
83	214	1
83	230	1
84	85	1
84	109	1
84	186	2
84	204	1
85	107	1
85	116	1
85	186	1
85	247	1
86	93	2
86	106	1
86	112	1
86	117	1
87	188	1
88	90	2
88	93	1
88	95	1
88	99	3
88	100	1
88	173	1
88	225	1
89	136	1
89	204	1
90	93	1
90	124	1
90	146	1
91	129	1
91	199	1
91	201	1
92	126	1
92	128	1
92	133	1
92	134	1
92	162	1
92	175	1
92	179	1
92	191	1
92	202	1
92	218	1
93	117	2
93	151	1
93	173	1
93	251	1
94	95	2
94	100	1
94	112	1
94	123	1
94	124	1
94	125	1
94	257	1
95	109	1
95	123	1
95	170	2
95	180	1
96	246	1
96	252	1
97	109	1
97	142	1
97	193	1
97	197	1
97	236	1
98	106	1
98	110	1
98	139	1
98	163	1
98	171	1
98	200	1
99	124	1
99	137	1
99	151	1
99	173	1
99	250	1
100	102	1
100	141	1
100	143	2
100	149	2
100	181	1
100	190	1
100	191	1
100	197	1
100	231	1
101	161	2
101	168	1
101	239	1
102	104	1
102	130	1
102	149	1
102	155	3
102	195	2
102	197	1
103	141	1
103	156	1
103	224	1
104	128	1
104	155	1
105	237	1
106	150	1
106	200	1
107	120	1
107	137	1
107	138	1
108	128	1
108	148	1
108	165	1
108	178	6
108	191	1
108	205	1
108	228	1
109	186	1
110	158	1
111	114	1
112	170	1
113	121	1
113	236	1
114	157	1
115	219	1
116	118	1
116	177	2
116	216	1
116	229	1
117	173	1
118	177	1
118	249	1
119	153	1
120	138	1
120	161	1
120	188	1
120	225	1
121	179	1
121	188	1
121	247	1
122	202	1
122	221	2
123	125	1
124	146	1
124	231	1
125	171	1
125	231	1
126	132	1
126	134	1
126	153	1
126	191	1
126	194	1
127	128	1
127	229	1
128	133	1
128	162	1
128	175	1
128	178	1
128	236	1
129	160	1
129	168	1
129	201	1
131	168	1
131	245	2
132	185	1
132	208	1
133	162	1
133	175	1
133	187	1
134	135	1
134	153	1
135	140	1
135	162	1
135	164	1
135	239	1
135	248	1
136	203	1
137	142	1
137	181	1
139	143	1
139	181	1
139	184	1
139	233	1
139	255	1
141	162	1
141	201	1
141	214	1
141	231	1
142	161	1
142	197	1
143	149	1
143	179	1
143	181	2
143	191	1
143	260	1
144	165	1
145	170	1
145	176	1
145	211	1
145	237	1
145	238	1
146	166	1
147	150	1
147	166	1
147	189	1
148	158	1
148	178	1
149	181	1
149	189	1
149	191	1
149	197	1
149	198	1
149	233	1
150	213	1
150	238	1
151	223	1
152	240	1
154	185	1
154	195	1
154	261	1
155	195	1
156	165	1
157	256	1
158	187	1
158	220	2
158	221	1
158	230	1
159	241	1
159	245	1
160	168	1
161	260	1
162	164	1
162	175	1
162	205	1
162	234	1
163	165	1
163	171	1
164	169	1
164	189	1
164	201	1
165	205	1
166	225	1
166	238	1
167	234	2
169	176	1
170	176	1
170	180	1
170	237	1
171	190	1
171	204	1
173	250	1
174	201	1
176	207	1
176	248	1
176	253	1
178	191	1
178	228	1
179	194	1
181	191	1
182	206	1
182	232	1
182	259	1
184	232	1
185	192	1
185	209	1
187	220	1
187	230	1
189	201	1
189	233	2
191	217	1
191	228	1
193	197	1
193	215	1
193	254	1
194	208	1
194	212	1
196	227	1
196	253	1
200	203	1
200	209	1
202	219	1
206	232	2
207	225	1
207	253	1
211	238	1
213	238	1
214	228	1
215	248	1
220	221	1
220	230	1
222	227	1
223	226	1
228	243	1
231	257	1
233	255	1
236	258	2
237	238	1
240	242	1
242	259	1
244	248	1
245	260	1
