id	label	x	y	cluster	weight<Links>	weight<Total link strength>	weight	score<Avg. pub. year>
1	structural break	-0.0582	-0.057	6	561	3245	1535	2017.71
2	cointegration	0.3913	-0.0019	1	259	810	290	2017.5
3	economic growth	0.8551	-0.043	1	217	712	261	2019.26
4	change point	-0.8763	-0.1319	2	112	210	174	2020.22
5	unit root	0.2604	-0.1997	7	155	443	172	2016.17
6	inflation	0.091	-0.0807	4	179	429	167	2018.61
7	volatility	-0.4074	0.3797	5	183	462	164	2018.72
8	exchange rate	0.1207	0.0673	4	158	406	151	2018.54
9	financial development	1.0724	-0.116	1	132	398	139	2020.17
10	covid-19	-0.2212	0.24	2	152	290	130	2022.61
11	oil price	0.1365	0.1835	9	134	296	125	2019.12
12	garch	-0.6433	0.2809	5	132	328	122	2018.05
13	financial crisis	-0.3449	0.2055	5	131	239	119	2017.39
14	stock market	-0.3154	0.2022	3	133	282	108	2018.08
15	monetary policy	0.0166	-0.2168	6	129	278	106	2017.75
16	ardl	0.8678	0.0962	1	154	325	105	2020.56
17	forecasting	-0.5339	-0.1159	6	108	203	87	2019.14
18	long memory	-0.5729	0.2618	5	91	212	85	2017.15
19	china	0.6989	-0.0583	1	96	184	71	2018.49
20	causality	0.5951	0.1464	1	112	226	70	2018.89
21	market efficiency	-0.3949	0.0521	10	81	164	70	2018.53
22	energy consumption	1.1191	0.0691	1	87	211	69	2019.06
23	ppp	0.409	-0.39	7	63	156	66	2015.24
24	cryptocurrency	-0.7286	0.2004	2	85	170	63	2022.83
25	c22	0.0035	0.2001	3	126	244	61	2019.82
26	granger causality	0.4099	0.1935	4	91	168	61	2018.08
27	india	0.5539	-0.0286	1	104	184	61	2020.41
28	concept drift	-1.4762	-0.5344	2	29	69	59	2020.14
29	markov switching	-0.512	-0.2095	6	77	136	58	2018.62
30	time series	-0.4863	-0.1949	2	79	136	58	2019.6
31	asymmetry	0.0385	0.2404	9	78	175	57	2020.21
32	nonlinearity	0.1979	-0.1214	5	67	137	56	2017.98
33	co2 emissions	1.1235	0.042	1	66	164	55	2019.31
34	real exchange rate	0.5505	-0.2909	7	52	125	55	2015.71
35	panel data	0.0088	-0.1573	8	76	124	50	2019.5
36	stock return	-0.1571	0.3287	3	82	133	50	2018.58
37	business cycle	-0.2253	-0.1722	2	80	121	49	2017.02
38	bitcoin	-0.7456	0.3961	2	61	131	47	2022.04
39	stock price	0.102	0.1702	3	65	118	47	2018.15
40	fractional integration	-0.2648	0.14	5	50	115	46	2017.8
41	persistence	-0.1472	0.0607	7	60	131	46	2017.5
42	gdp	0.8932	-0.1034	1	75	117	43	2020.35
43	nardl	0.6134	0.2558	1	74	140	43	2022.26
44	time series analysis	-0.6278	-0.0833	2	58	91	43	2021.44
45	cusum	-0.1324	-0.2294	4	45	70	42	2017.98
46	interest rate	0.0736	-0.0075	3	64	98	41	2018.41
47	pakistan	0.8515	0.0116	1	70	120	40	2020.5
48	turkey	0.7807	0.0776	1	69	120	40	2017.75
49	volatility spillover	-0.7498	0.4996	5	49	94	40	2018.47
50	crude oil price	0.1148	0.3176	3	54	76	39	2018.79
51	fiscal policy	0.6256	-0.2464	1	58	95	37	2018.3
52	foreign direct investment	1.0291	0.102	1	53	96	37	2020.22
53	emerging markets	-0.3337	0.1915	8	68	90	36	2018.06
54	financial market	-0.4266	0.0774	3	61	91	36	2019.69
55	regime switching	-0.6569	-0.2402	6	47	68	36	2018.92
56	renewable energy	0.8725	0.2563	11	58	89	36	2021.47
57	money demand	0.6471	-0.1087	4	39	83	35	2017.69
58	realized volatility	-1.117	0.2258	5	37	73	35	2017.83
59	c32	0.0019	0.3048	3	99	161	34	2020.5
60	crude oil	-0.1932	0.3933	10	49	84	34	2019.35
61	quantile regression	-0.1122	0.1992	3	56	88	34	2020.44
62	growth	0.8617	-0.0763	1	54	77	32	2017.53
63	icss	-0.7151	0.3637	5	40	74	32	2016.97
64	machine learning	-0.7164	-0.2444	2	54	78	32	2022.44
65	nigeria	0.6148	-0.2993	7	55	87	32	2019.78
66	policy uncertainty	0.039	0.1508	2	56	68	32	2022.12
67	fdi	0.9323	-0.0315	1	49	79	30	2019.07
68	unemployment	0.2133	-0.3055	2	41	79	29	2018.86
69	vecm	0.2685	0.3693	9	58	90	28	2020.36
70	volatility forecasting	-1.0187	0.1873	5	31	66	28	2019.29
71	contagion	-0.5623	0.4394	5	40	64	26	2017.04
72	convergence	0.3111	-0.0061	1	28	42	25	2018.44
73	kalman filter	-0.4027	-0.2546	6	46	67	25	2016.8
74	model selection	-0.4844	-0.2123	10	44	62	25	2019.56
75	time-varying parameters	-0.4499	-0.1944	6	41	63	25	2018.72
76	ardl model	0.8389	0.0608	1	52	66	24	2020.54
77	financial time series	-0.8756	-0.071	2	27	38	24	2018.96
78	g15	-0.3542	0.3888	3	71	118	24	2022.08
79	inflation targeting	0.3405	-0.2716	6	28	54	24	2016.12
80	f31	0.3292	0.1596	4	55	97	22	2020.64
81	mean reversion	0.0336	-0.28	7	31	50	22	2015.64
82	parameter instability	-0.9143	-0.047	6	26	39	22	2019.36
83	phillips curve	0.0686	-0.608	2	32	57	22	2017.41
84	tourism	0.7689	-0.2073	1	41	67	22	2020.64
85	trade openness	1.3636	-0.0216	1	43	74	22	2020.41
86	finance	-0.331	-0.0672	3	50	61	21	2021
87	gold	-0.3273	0.4355	9	39	64	21	2020.71
88	macroeconomic variables	0.1157	0.0544	2	31	43	21	2017.76
89	natural resources	1.2648	-0.0256	1	27	47	21	2021.57
90	stochastic volatility	-0.7865	-0.2365	6	41	63	21	2017.9
91	trend break	0.1258	-0.617	7	21	50	21	2015.14
92	copula	-0.8122	0.0312	2	33	40	20	2018.35
93	deep learning	-0.993	0.0248	2	25	48	20	2023.85
94	e31	0.1305	0.2366	4	50	80	20	2019.35
95	exports	0.8079	-0.0958	1	39	65	20	2018.7
96	investment	0.0857	0.1848	4	46	64	20	2019.1
97	portfolio diversification	-0.3373	0.243	8	37	54	20	2020.7
98	public debt	0.4804	-0.3264	6	25	50	20	2018.8
99	statistical process control	-1.4696	-0.3813	2	12	16	20	2018.35
100	var	0.2447	0.0518	4	41	58	20	2017.05
101	bootstrap	-0.012	-0.0421	2	24	35	19	2016.37
102	breakpoint	-0.1821	0.394	9	39	42	19	2019.32
103	change point analysis	-0.9664	-0.0991	2	19	22	19	2020.21
104	chow test	0.1921	-0.4632	12	16	21	19	2017.53
105	egarch	-0.2489	0.4569	5	43	61	19	2018.74
106	g12	-0.294	0.3784	3	56	81	19	2022.05
107	panel cointegration	0.6396	-0.2324	7	36	52	19	2016.79
108	random walk	-0.5743	-0.0387	10	27	52	19	2015.47
109	regime shift	-0.4778	-0.249	5	25	39	19	2015.47
110	saudi arabia	0.7913	0.0579	1	36	50	19	2019.26
111	south africa	0.7995	0.0214	1	36	53	19	2018.37
112	spillover	-0.7016	0.5788	3	33	54	19	2019.05
113	carbon emissions	1.3723	-0.0918	1	30	51	18	2020.17
114	clustering	-0.9532	-0.3027	2	33	45	18	2018.94
115	cross-sectional dependence	0.3659	-0.5074	8	27	47	18	2015.72
116	current account	0.5472	0.0796	4	32	52	18	2016.61
117	liquidity	-0.1858	0.1862	8	25	31	18	2017.56
118	sustainability	0.4682	-0.0539	6	20	42	18	2018.17
119	bayesian inference	-0.73	0.1872	6	26	39	17	2017.71
120	commodity prices	-0.2245	0.0717	9	24	41	17	2017.94
121	economic development	0.8987	-0.0402	1	35	43	17	2020.65
122	energy	0.539	0.0303	1	36	50	17	2019.41
123	environmental kuznets curve	1.1229	0.1188	1	35	54	17	2019.24
124	f41	0.3596	0.2133	4	43	76	17	2020.76
125	globalization	0.4302	-0.1659	11	33	46	17	2019.29
126	real effective exchange rate	0.5022	-0.2302	4	31	42	17	2020.59
127	stationarity	0.6216	-0.0565	8	27	40	17	2018.35
128	breaks	-0.4564	0.0442	12	36	47	16	2018.81
129	inflation rate	0.315	-0.2062	7	32	38	16	2020.25
130	lstm	-0.9811	-0.0635	2	21	39	16	2024.25
131	money supply	0.1912	-0.1434	4	40	55	16	2019.25
132	remittances	0.9107	0.0757	1	32	41	16	2021.06
133	spillover effect	-0.5311	0.5123	9	30	46	16	2018
134	trade	0.8199	-0.0959	1	35	55	16	2018.88
135	uncertainty	-0.2665	-0.2595	2	32	42	16	2020.69
136	urbanization	1.3032	0.0398	1	36	59	16	2020.06
137	bounds test	0.7764	0.1837	4	27	36	15	2017.53
138	central and eastern europe	0.1567	-0.2649	8	23	38	15	2020.33
139	error correction model	0.6288	-0.0315	4	24	35	15	2017.6
140	exchange rate volatility	0.2581	0.0989	1	27	39	15	2020.27
141	fourier function	0.7715	-0.5422	7	26	42	15	2017
142	human capital	1.0589	-0.1269	1	26	32	15	2020.6
143	hysteresis	0.2203	-0.3443	7	27	48	15	2018.13
144	model uncertainty	-0.8404	-0.2291	10	22	34	15	2017.27
145	africa	-0.0684	0.4292	3	24	33	14	2018.86
146	bai perron	0.0529	0.4164	5	15	19	14	2020
147	c58	-0.4675	0.3975	3	42	67	14	2023.21
148	commodity	-0.1173	0.3187	9	21	30	14	2018.29
149	correlation	-0.8747	-0.1794	2	27	34	14	2019.5
150	crisis	-0.0365	-0.0673	2	20	28	14	2017.71
151	e52	0.1686	0.3017	4	37	67	14	2019.86
152	fiscal sustainability	0.3285	-0.381	6	20	37	14	2019.07
153	inflation persistence	0.0231	-0.3383	11	22	39	14	2015.86
154	predictability	-0.5597	0.1452	3	24	32	14	2017.5
155	real interest rate	0.4184	-0.3318	7	26	39	14	2017.57
156	renewable energy consumption	1.1196	-0.0731	1	22	39	14	2022
157	risk management	-0.9491	0.0904	2	24	34	14	2019.79
158	time-varying causality	0.2399	0.1365	7	27	33	14	2020.5
159	volatility persistence	-0.7557	0.0323	2	12	33	14	2016.36
160	asset pricing	-0.7018	-0.0384	8	22	29	13	2019.69
161	bayesian estimation	-0.6273	-0.103	11	22	27	13	2017.62
162	classification	-1.542	-0.5629	2	17	28	13	2018.15
163	electricity consumption	1.1263	-0.1791	1	25	35	13	2018.69
164	financial integration	0.003	0.3109	5	22	26	13	2019.31
165	half-life	0.4109	-0.2874	7	22	39	13	2016.23
166	inflation uncertainty	0.3828	0.0893	4	18	31	13	2016
167	latin america	-0.0982	0.0013	5	35	40	13	2019
168	malaysia	0.8664	-0.1728	1	25	28	13	2018.38
169	monte carlo simulation	-0.6152	0.0942	3	17	21	13	2018.31
170	multivariate garch	-0.5483	0.3046	5	21	28	13	2018.31
171	oil	-0.1389	0.4611	9	28	37	13	2018.23
172	outliers	-0.4476	-0.0948	12	27	49	13	2021.69
173	portfolio optimization	-0.9246	-0.2004	2	11	16	13	2020.31
174	stability	0.5759	-0.2805	4	22	35	13	2018
175	stocks	-0.2935	0.6665	9	20	29	13	2019.31
176	arima	-0.3738	0.0015	10	37	44	12	2022.08
177	australia	1.0392	0.3387	1	19	24	12	2017.92
178	bangladesh	0.8351	0.0005	11	30	35	12	2019.25
179	brazil	-0.0909	-0.4732	6	33	39	12	2017.33
180	brics	0.1022	0.3186	9	28	33	12	2021.75
181	c12	-0.4009	0.1474	3	33	49	12	2019.58
182	credit risk	-0.4921	0.1217	2	21	25	12	2017.75
183	dynamic conditional correlation	-0.4986	0.1301	8	28	35	12	2018
184	ekc	1.401	0.0847	1	25	38	12	2018.83
185	emerging economies	0.2271	0.0021	4	22	29	12	2020.33
186	energy prices	-0.4153	0.5365	10	16	23	12	2019
187	factor model	-0.5903	-0.9405	6	13	19	12	2020.25
188	forecast combination	-0.8995	-0.313	10	16	22	12	2019.17
189	g11	-0.1029	0.5067	3	49	67	12	2022.17
190	great moderation	-0.0054	-0.2842	6	22	28	12	2018.17
191	gross domestic product	0.8501	-0.0392	1	22	27	12	2019.58
192	hedging	-0.1928	0.6352	9	17	23	12	2020
193	income inequality	0.909	-0.1792	7	27	34	12	2019.83
194	indonesia	1.0803	-0.0731	1	26	28	12	2020
195	natural gas	-0.47	-0.1164	12	24	30	12	2019.75
196	neural network	-1.1013	0.0037	2	21	30	12	2020.25
197	quantitative easing	-0.0164	-0.7155	7	16	23	12	2020.5
198	real gdp	0.3378	-0.0948	11	24	31	12	2015.75
199	real interest rate parity	-0.0453	0.0949	5	18	32	12	2016.58
200	technological innovation	1.3404	-0.1851	1	23	32	12	2022.25
201	terms of trade	0.877	-0.1754	1	28	43	12	2017.58
202	us	0.4419	0.4118	3	32	35	12	2019.17
203	bayesian methods	-0.7388	-0.2805	6	18	21	11	2018.55
204	binary segmentation	-0.8769	-0.2608	2	14	18	11	2019.55
205	carbon neutrality	1.4287	-0.0469	1	18	26	11	2022.36
206	co-movement	-0.281	0.6069	3	18	25	11	2020
207	consumer price index	0.3973	0.1033	4	28	32	11	2017.36
208	diversification	-0.2843	-0.125	2	21	24	11	2019.82
209	e32	-0.5516	0.2675	3	31	49	11	2018.18
210	e44	-0.1364	0.3497	3	53	69	11	2023.82
211	ekc hypothesis	1.5333	-0.0005	1	25	41	11	2021.09
212	endogenous structural breaks	0.9576	-0.1342	1	25	29	11	2015.27
213	environment	1.0824	0.018	1	17	20	11	2020
214	eurozone	0.1516	0.3383	3	22	29	11	2017.36
215	forecast evaluation	-0.5396	-0.0423	9	21	26	11	2018.09
216	g14	-0.1858	0.3998	3	32	48	11	2023
217	hurst exponent	-0.9045	-0.4392	2	12	15	11	2018.09
218	international trade	1.1494	-0.0411	1	23	29	11	2017.18
219	investor sentiment	-0.5191	0.2494	3	26	32	11	2019.55
220	portfolio management	-1.0197	-0.1332	2	22	28	11	2020.18
221	reits	-0.151	0.0019	8	20	20	11	2018.27
222	risk	-0.3573	0.0077	3	21	24	11	2015.91
223	rolling window	-0.4988	0.085	2	21	28	11	2019.27
224	russia	-0.3738	0.1302	5	22	32	11	2016.91
225	taylor rule	-0.6755	-0.2345	6	17	33	11	2017.45
226	value-at-risk	-0.844	0.4782	5	19	27	11	2020.18
227	vector autoregression	-0.5095	0.0172	5	19	19	11	2020.09
228	vix	-0.5074	0.3462	10	25	31	11	2020.82
229	agriculture	0.8261	0.2674	1	16	21	10	2017.4
230	anomaly detection	-1.2345	-0.3271	2	13	19	10	2021.7
231	ardl bounds test	0.9494	-0.6193	4	16	25	10	2018.4
232	asymmetric effect	-0.0146	0.2695	11	20	26	10	2020.7
233	bayesian analysis	-0.4539	-0.3812	11	18	27	10	2019.9
234	capital flows	0.5573	0.1646	4	20	26	10	2017.1
235	change-point analysis	-0.9817	-0.2554	2	12	13	10	2019.8
236	climate change	0.9559	-0.059	11	20	24	10	2020.3
237	education	1.1302	-0.2476	1	20	26	10	2019.1
238	energy use	0.5174	-0.0435	1	21	34	10	2021.3
239	environmental sustainability	1.033	0.1405	1	19	25	10	2022.7
240	euro area	-0.0075	-0.3925	11	20	24	10	2016.9
241	european union	1.0111	0.092	1	15	19	10	2021.7
242	event study	-0.3843	0.4047	3	18	24	10	2020.6
243	factor models	-0.7045	-0.2088	10	12	17	10	2019.4
244	fractional cointegration	-0.2312	0.3873	5	19	24	10	2018.4
245	g01	-0.239	0.4916	3	29	44	10	2022.9
246	high-frequency data	-0.7858	0.2319	3	18	30	10	2018.7
247	house prices	-0.0055	0.237	3	23	26	10	2018.9
248	macroeconomics	0.3527	-0.2856	11	20	21	10	2018.2
249	nonstationarity	0.098	-0.2525	7	15	26	10	2019.5
250	panel unit root test	0.5569	-0.3472	1	19	23	10	2014
251	price discovery	-0.7959	0.5851	5	16	20	10	2019.6
252	risk premium	0.1661	-0.3351	8	18	20	10	2017
253	seasonality	-0.8413	0.034	10	23	30	10	2019.7
254	stock market volatility	-0.7804	0.2116	10	15	18	10	2020.1
255	structural break test	0.3281	-0.1371	6	13	14	10	2018
256	subprime crisis	-0.0839	0.4148	6	16	23	10	2015.3
257	svm	-0.7452	-0.3507	2	14	18	10	2019.8
258	threshold cointegration	0.8068	-0.4426	7	12	20	10	2017
259	time series segmentation	-1.2369	-0.354	2	7	9	10	2017.5
260	usa	1.1443	0.3161	1	21	29	10	2019.4
261	var model	-0.0203	0.3804	3	18	18	10	2018.2
262	wavelets	-0.4563	0.5435	3	20	23	10	2017
263	asean	0.6149	-0.0575	7	22	29	9	2020.11
264	average run length	-1.5766	-0.4004	2	3	5	9	2019.67
265	c53	-0.2124	0.3046	3	33	42	9	2021.56
266	commodity market	-0.6964	0.4851	9	15	22	9	2020.89
267	debt	0.221	-0.2547	8	12	16	9	2020.11
268	efficiency	-0.7648	0.425	5	13	16	9	2015.78
269	emu	-0.3587	-0.7157	2	13	20	9	2014.33
270	energy efficiency	1.2501	-0.0025	1	12	16	9	2022
271	environmental quality	1.3983	0.105	1	15	20	9	2021.67
272	european integration	0.2397	-0.3354	8	11	28	9	2020.56
273	figarch	-0.6751	0.331	3	18	28	9	2016.89
274	financial contagion	-0.8607	0.4902	5	13	15	9	2016
275	financial crises	-0.8477	0.5104	5	22	24	9	2018.78
276	financialization	0.3193	-0.1582	8	13	15	9	2019.78
277	forecast combinations	-0.7571	-0.3951	12	15	22	9	2019.67
278	fourier stationary test	0.1283	-0.7017	7	6	25	9	2012.56
279	g10	-0.528	0.574	3	30	45	9	2020.33
280	ghana	1.0364	0.092	1	22	30	9	2019
281	heterogeneity	-0.2856	-0.2622	8	18	21	9	2018.67
282	housing prices	0.5212	-0.2173	4	19	23	9	2021.78
283	inflation dynamics	-0.0012	-0.1384	11	13	19	9	2016.33
284	inflation expectations	-0.1834	-0.8024	7	9	12	9	2021.56
285	institutional quality	1.2901	-0.2698	1	15	20	9	2022.33
286	iran	0.7773	0.2856	4	11	13	9	2017.44
287	markov chain monte carlo	-0.7299	0.1147	6	15	22	9	2015.78
288	nonlinear	0.4674	-0.5179	7	23	30	9	2017.56
289	oil price shocks	0.2266	0.6555	3	17	20	9	2019
290	pandemic	-0.676	0.4742	2	17	24	9	2022.44
291	return predictability	-0.8515	-0.2224	10	15	16	9	2018.44
292	segmentation	-0.9511	-0.2416	2	10	17	9	2013.11
293	simulation	-0.7497	0.1321	10	17	21	9	2016.33
294	state-space model	-0.5263	-0.1174	6	22	25	9	2018.44
295	stochastic convergence	0.7604	-0.293	11	11	19	9	2017.33
296	stock market integration	0.4466	0.3666	1	23	31	9	2016
297	stock market returns	0.0634	0.5396	5	20	22	9	2019.33
298	structural instability	-0.6003	-0.2491	11	11	11	9	2017.33
299	systemic risk	-0.3471	0.5273	3	26	27	9	2021.89
300	time-varying parameter model	-0.8577	-0.2403	6	11	13	9	2019.56
301	trade balance	0.9232	-0.0414	4	25	31	9	2020
302	artificial intelligence	-0.9434	0.5227	10	12	17	8	2023.62
303	bayesian	-0.1154	-0.3134	12	16	21	8	2019.25
304	bayesian model averaging	-0.7613	-0.0548	6	14	18	8	2018.88
305	behavioral finance	-0.8476	-0.0855	2	18	21	8	2021.25
306	c11	-0.5378	0.1137	6	27	42	8	2020.25
307	c52	-0.1689	0.4769	3	34	43	8	2020.88
308	capital mobility	0.5255	0.3499	4	15	28	8	2016.62
309	carbon dioxide emissions	1.0349	0.1298	1	23	27	8	2021.88
310	change detection	-0.2962	0.2762	3	9	12	8	2017.12
311	cointegration analysis	0.6742	-0.0546	4	15	18	8	2019.12
312	data stream	-1.6451	-0.5402	2	6	14	8	2018.75
313	e58	0.3524	0.2287	4	30	46	8	2020.88
314	employment	0.4051	-0.0892	1	19	22	8	2022.75
315	energy intensity	1.062	0.0644	1	14	17	8	2019.38
316	eu	0.128	-0.301	2	13	16	8	2014.88
317	exchange rate regime	-0.6817	0.144	6	12	17	8	2016.62
318	fourier approximation	0.34	0.3036	3	25	31	8	2022.38
319	geopolitical risk	0.172	0.5149	3	24	25	8	2024.25
320	gold prices	0.088	0.8586	9	16	20	8	2019.25
321	hidden markov model	-0.583	0.0596	6	9	9	8	2018.5
322	hypothesis testing	-0.8115	-0.0211	2	9	13	8	2018.88
323	imports	0.8545	-0.1481	1	23	34	8	2018.12
324	impulse responses	0.7532	0.6713	4	16	26	8	2016.75
325	japan	0.873	0.0923	1	17	22	8	2016
326	leverage effect	-0.2488	0.2128	8	17	22	8	2016.62
327	macroeconomic forecasting	-0.9474	-0.2905	6	8	12	8	2017
328	maki cointegration	0.6985	0.1401	1	21	22	8	2022.25
329	mcmc	-0.7335	0.0148	6	11	14	8	2016.62
330	multiple structural changes	-0.3032	-0.1922	8	7	7	8	2019.12
331	multivariate time series	-0.9915	-0.2117	2	10	12	8	2019.25
332	oecd	0.7664	-0.2657	11	17	20	8	2020.75
333	oecd countries	0.5101	-0.3723	7	15	16	8	2019.38
334	oil shocks	-0.2929	0.1621	12	13	17	8	2015.5
335	panel data analysis	0.0809	-0.3691	12	14	18	8	2021.12
336	panel unit root	0.555	-0.4319	7	13	19	8	2015.88
337	poverty	0.8653	-0.3839	7	12	17	8	2020
338	principal components	-0.6345	-0.3206	10	13	19	8	2018.88
339	public finance	0.8097	-0.4041	1	12	12	8	2019.38
340	real estate	-0.1722	0.2869	8	20	22	8	2019.75
341	resource curse	1.0057	-0.092	11	15	17	8	2022.62
342	sequential panel selection method	0.7822	-0.5434	7	16	25	8	2015.88
343	stock market development	1.0497	0.0509	1	15	16	8	2018.62
344	sub-saharan africa	0.9366	-0.4748	1	15	19	8	2020.62
345	sustainable development	1.0852	-0.0834	11	14	16	8	2023.62
346	term structure	-0.0875	-0.4498	6	11	18	8	2016.75
347	time series forecasting	-0.8342	-0.2452	2	10	11	8	2022.5
348	trend	-0.4588	-0.1707	10	16	24	8	2019.75
349	trend-cycle decomposition	-0.3541	-0.2998	11	13	20	8	2019.25
350	turning points	-0.7428	-0.1402	2	18	19	8	2018.62
351	value at risk	-0.9062	0.4037	5	16	20	8	2017.25
352	variance decomposition	1.1831	0.1813	1	16	23	8	2018
353	volatility transmission	-0.666	0.3905	10	12	23	8	2017.12
354	wavelet	-0.3911	0.3844	11	14	15	8	2018.25
355	asymmetric causality	0.9068	0.2613	9	16	20	7	2019.14
356	asymmetric cointegration	0.4615	-0.6158	7	15	18	7	2018.43
357	c23	-0.1012	0.2007	8	31	38	7	2022.86
358	capm	0.2967	-0.6128	8	5	7	7	2015.43
359	change-point model	-0.7422	0.3282	3	9	9	7	2019.86
360	consumption	0.3537	0.0428	4	10	11	7	2018.71
361	corruption	1.1507	-0.0454	1	13	13	7	2018.57
362	croatia	0.7024	-0.6054	2	13	15	7	2015.43
363	dcc-garch	-0.3186	-0.0126	8	20	20	7	2020.57
364	dynamic correlation	-0.5838	0.6659	3	18	21	7	2019.43
365	economic crisis	0.2232	0.0872	6	11	11	7	2019.57
366	economics	0.034	0.271	3	28	33	7	2023.14
367	elasticity	-0.1833	-0.8221	6	16	20	7	2019.57
368	emerging market	-0.4159	0.2872	8	15	19	7	2021.14
369	energy demand	1.4661	-0.1875	1	13	16	7	2019.43
370	energy sector	-0.0283	0.4308	12	14	19	7	2022.14
371	energy transition	0.6848	0.2433	1	15	17	7	2023.86
372	environmental degradation	1.0519	0.0097	1	17	28	7	2021.29
373	equity premium	-0.8575	-0.353	10	9	12	7	2017.29
374	ethereum	-1.1736	0.6872	2	11	22	7	2022.14
375	euro	0.7093	0.5361	4	9	15	7	2014.86
376	exchange rate pass-through	0.7127	0.5316	4	14	20	7	2018.43
377	export	0.703	-0.0604	1	13	15	7	2021
378	extreme value theory	-0.8794	0.5383	5	13	14	7	2016.43
379	f21	0.6619	0.4826	4	19	28	7	2021.14
380	f32	0.3887	0.298	4	24	34	7	2018.86
381	f36	0.1539	0.2954	2	29	34	7	2023
382	financial deepening	1.0469	-0.2368	7	15	16	7	2019.71
383	financial liberalization	-0.6875	0.0489	9	9	12	7	2015
384	financial stability	0.1121	0.4633	3	16	20	7	2022.43
385	fiscal deficit	0.8541	-0.5633	7	11	18	7	2019.57
386	g18	-0.0007	0.489	3	31	35	7	2022.14
387	gdp growth	0.712	-0.0305	1	18	20	7	2019
388	geopolitical risks	-0.4858	0.3951	3	6	6	7	2022.71
389	government spending	0.9623	-0.4749	1	16	24	7	2020
390	implied volatility	-0.5037	0.4327	5	10	11	7	2016.86
391	indicator saturation	-0.3056	-0.0146	12	15	27	7	2023.86
392	interest rate pass-through	-0.6521	-0.662	2	8	13	7	2015.14
393	long-memory	-1.3294	0.0647	5	13	19	7	2016.57
394	market integration	-0.4636	0.3652	5	14	18	7	2017.14
395	mexico	-0.1785	-0.6668	6	17	21	7	2015.71
396	military expenditures	0.7428	0.4437	3	10	13	7	2022
397	non-linearities	0.1231	0.1729	4	15	21	7	2018.71
398	nonlinear causality	-0.5507	0.4816	10	13	14	7	2016.14
399	nonlinear unit root tests	0.8849	-0.3133	4	7	9	7	2017.71
400	oil market	-0.6886	0.8061	9	7	11	7	2017.71
401	output gap	-0.25	-0.1592	11	19	25	7	2018.29
402	predictive models	-1.0624	0.1704	2	12	24	7	2023.57
403	principal component analysis	-0.7491	-0.4592	2	15	15	7	2017.43
404	profitability	-0.4349	0.2045	8	5	7	7	2021.43
405	q43	0.3576	0.3744	6	27	34	7	2021.14
406	real-time data	-0.9617	-0.2866	6	10	14	7	2015.86
407	reinforcement learning	-1.229	-0.401	2	8	11	7	2022.86
408	robustness	-0.7285	-0.0934	10	12	15	7	2015.71
409	saving	0.5104	0.301	4	12	20	7	2018.29
410	smooth transition	0.4237	-0.1196	11	11	12	7	2019.29
411	stationary	0.7234	-0.4697	7	10	19	7	2015.14
412	stock market index	-0.4479	-0.4932	12	11	14	7	2020.57
413	structural break analysis	0.1513	0.4041	10	11	13	7	2022.71
414	structural shift	-0.722	0.2634	8	16	20	7	2019.71
415	taylor rules	-0.5973	-0.5253	10	9	13	7	2016.71
416	thailand	1.1384	-0.2012	1	15	20	7	2013.86
417	tunisia	1.2539	0.2657	1	10	13	7	2016.14
418	vector error correction	0.733	0.4518	4	17	27	7	2020.14
419	vector error correction model (vecm)	0.3182	-0.0857	4	12	14	7	2020.57
420	yield curve	-0.7859	-0.0001	6	16	19	7	2015.43
421	arch	-0.7986	0.4246	5	14	17	6	2019.67
422	ardl approach	1.2675	-0.0219	1	23	24	6	2022.33
423	ardl bounds testing	0.772	0.0931	1	17	18	6	2020
424	ardl bounds testing approach	0.9327	-0.1115	4	17	17	6	2015.67
425	argentina	0.0508	-0.6133	6	15	20	6	2019
426	asset allocation	-0.8566	-0.2553	2	15	17	6	2015.83
427	asymmetric	0.7049	-0.4481	7	14	18	6	2021.17
428	bekk-garch	-0.3253	0.684	9	11	18	6	2018.83
429	brent	-0.2827	0.7632	9	8	12	6	2018.67
430	c13	-0.5163	0.0496	8	26	32	6	2019.5
431	c14	-0.1483	0.2661	8	24	27	6	2021.5
432	carbon emission	1.2239	-0.1612	11	13	18	6	2021.33
433	changepoint analysis	-0.5759	0.152	3	11	11	6	2021.17
434	class imbalance	-1.6922	-0.6015	2	4	8	6	2019.67
435	cluster analysis	-1.1872	-0.3216	2	8	9	6	2017.5
436	co<sub>2</sub> emissions	1.266	0.106	1	18	22	6	2019.5
437	comovement	0.0547	-0.0222	4	15	15	6	2019.67
438	competitiveness	0.6702	-0.1714	1	14	16	6	2021
439	conditional correlation	-0.4035	0.599	5	11	12	6	2020.33
440	conditional volatility	-0.3706	0.1382	6	9	11	6	2016.67
441	copulas	-0.7598	0.6057	5	9	10	6	2015.5
442	current account deficit	0.8298	-0.6333	7	8	17	6	2018.17
443	cusum statistics	-0.8765	-0.2216	2	6	7	6	2017.5
444	data mining	-1.3378	-0.4499	2	11	14	6	2015.5
445	dynamic copula	-1.043	-0.2237	2	6	7	6	2016.33
446	dynamic factor model	-0.2234	-0.3123	11	14	17	6	2018.33
447	dynamic model averaging	-0.736	-0.1763	10	15	16	6	2019.5
448	economic activity	-0.6103	0.8299	3	12	13	6	2021
449	endogeneity	-0.7754	-0.4753	6	9	13	6	2015.83
450	eu ets	-0.5179	0.519	5	10	11	6	2014.67
451	expected shortfall	-1.0466	0.5313	5	10	13	6	2021.33
452	feldstein-horioka puzzle	0.3733	0.2815	4	12	18	6	2018.83
453	firm value	-0.4473	0.237	8	5	7	6	2020.83
454	fiscal reaction function	0.1376	-0.3386	6	9	14	6	2018.83
455	fisher effect	-0.0086	-0.7217	7	14	16	6	2015.33
456	food prices	-0.2997	0.2335	10	14	14	6	2023.33
457	foreign direct investment (fdi)	0.4703	-0.0411	4	10	12	6	2019.67
458	foreign trade	0.6415	-0.2045	1	6	6	6	2018
459	g7	-0.3873	0.5148	3	14	18	6	2019.17
460	g7 countries	-0.2107	0.4271	9	12	15	6	2018.83
461	gmm	1.2899	-0.2767	1	9	11	6	2017.67
462	granger causality test	0.321	-0.0692	4	11	13	6	2016.5
463	har model	-1.4158	0.0833	5	10	20	6	2016.67
464	herding	-0.6384	-0.0013	2	13	17	6	2020.17
465	income	0.6058	0.2183	4	13	13	6	2018.67
466	incremental learning	-1.4677	-0.5717	2	8	12	6	2020.83
467	inequality	0.6972	-0.3195	7	16	20	6	2023.17
468	inflation forecasting	-0.5899	-0.0321	10	9	9	6	2021.83
469	interest rate differential	0.2786	0.4852	9	9	17	6	2020.17
470	j-curve	0.9437	-0.1306	4	14	15	6	2016.5
471	johansen cointegration	0.5581	-0.0521	1	18	19	6	2020
472	kenya	0.6632	0.1875	4	16	19	6	2017.5
473	lasso	-0.5159	-0.2763	10	7	13	6	2019.67
474	life expectancy	1.173	-0.0902	1	13	15	6	2021.17
475	macroeconomic indicators	-0.2814	-0.0801	5	10	10	6	2021.17
476	maximum likelihood estimation	-0.7037	-0.5097	12	10	13	6	2017.67
477	model averaging	-0.9885	-0.3409	10	6	11	6	2019.67
478	money	0.7646	0.3375	4	8	8	6	2015.17
479	monitoring	-0.422	-0.2747	10	10	13	6	2018.83
480	new keynesian phillips curve	-0.2917	-0.1808	11	11	15	6	2017.5
481	non-stationarity	-0.8244	-0.4277	2	16	19	6	2019.33
482	nonlinear dynamics	-1.1122	-0.2012	2	12	12	6	2019.5
483	nowcasting	-0.5387	-0.55	6	15	17	6	2019.83
484	oil price volatility	0.7242	0.1116	4	10	11	6	2018.83
485	oil volatility	-0.8815	0.0319	10	7	16	6	2017.67
486	online learning	-1.3109	-0.5746	2	9	13	6	2020.83
487	parameter constancy	-1.3862	-0.0103	5	7	14	6	2015.17
488	pass-through	0.6275	-0.1708	4	11	14	6	2016.83
489	pollution haven hypothesis	1.6743	0.1204	1	10	20	6	2020.83
490	precious metals	-0.7185	0.7778	9	16	21	6	2020.5
491	prediction	-0.7204	-0.4459	12	11	11	6	2017
492	real gdp per capita	0.7512	-0.6109	7	11	13	6	2014.67
493	regression	-0.8715	-0.1355	2	10	11	6	2016.83
494	return	-0.1805	0.7461	9	9	16	6	2019.83
495	rolling windows	-0.5423	-0.5186	12	8	13	6	2022
496	romania	0.8753	-0.1175	4	11	16	6	2013
497	stock return predictability	-0.7576	-0.3338	11	6	8	6	2020.5
498	structural var	0.2816	0.449	3	8	8	6	2018.33
499	tail dependence	-0.8018	0.5462	5	14	15	6	2019
500	threshold	0.4965	-0.0954	8	14	14	6	2018.83
501	time-series analysis	0.1887	0.2038	12	18	20	6	2019.33
502	tourism development	1.4546	-0.2399	1	8	12	6	2019.5
503	trade deficit	0.3587	-0.2337	2	15	17	6	2017.83
504	trends	-0.5349	0.1585	2	13	15	6	2018
505	unemployment rate	0.5104	-0.2168	7	13	15	6	2020.83
506	united kingdom	0.6641	-0.2137	1	18	19	6	2018.83
507	united states	0.1431	0.1587	4	15	15	6	2019.17
508	unobserved components model	-0.3184	-0.3312	11	9	15	6	2017.83
509	vietnam	1.0889	0.2391	1	16	19	6	2020.17
510	volatility modelling	-0.3708	0.5917	12	6	10	6	2017.83
511	wavelet coherence	0.0564	0.5028	9	14	19	6	2020.83
512	wti	-0.2963	0.6924	9	10	15	6	2018.17
513	adaptive learning	-1.4491	-0.615	2	9	15	5	2017.2
514	african countries	0.5253	-0.5935	7	12	14	5	2016.4
515	agricultural commodities	-0.2339	0.4401	10	8	8	5	2022.8
516	anchoring of inflation expectations	-0.2361	-0.8233	7	2	3	5	2019.8
517	ardl bound test	0.835	-0.0294	4	10	10	5	2019
518	ardl cointegration	0.9444	-0.1282	1	11	11	5	2018.8
519	asia	0.4785	0.2324	4	14	15	5	2018.6
520	azerbaijan	0.9468	-0.2244	4	10	10	5	2018.6
521	bank credit	0.6236	-0.0108	7	13	14	5	2018.8
522	banks	-0.0178	-0.4772	8	6	6	5	2019.4
523	bond market	-0.9274	0.1216	9	11	12	5	2018
524	bootstrap ardl	1.3739	-0.1248	1	10	14	5	2021.8
525	break date	-0.2981	-0.3926	12	7	9	5	2016.8
526	brexit	-0.5598	-0.2118	2	7	9	5	2018.6
527	bubble	0.2041	0.3304	8	8	9	5	2018.8
528	c5	0.047	0.5064	3	13	13	5	2016.4
529	c51	0.3806	0.5147	3	17	19	5	2022.4
530	central bank	0.0663	-0.321	6	10	14	5	2019.6
531	chinese stock market	-0.4264	0.4692	3	12	12	5	2021
532	climate policy uncertainty	0.379	0.501	3	11	14	5	2024.2
533	co<sub>2</sub> emission	1.2033	-0.0209	1	13	16	5	2022.2
534	commodity futures	-0.933	0.5752	5	6	6	5	2015.6
535	connectedness	-0.1358	0.5471	3	15	18	5	2022.8
536	correlations	-0.5589	-0.0796	2	12	13	5	2017
537	credit default swaps	-0.9231	0.8093	5	7	11	5	2018.6
538	cross-section dependence	-0.2456	-0.9843	7	7	12	5	2019.4
539	crude oil market	-0.9847	0.5751	5	9	11	5	2020
540	cryptocurrency market	-0.4627	-0.0842	2	10	10	5	2021.2
541	cusum chart	-1.5474	-0.3887	2	5	6	5	2017.2
542	data stream mining	-1.5417	-0.6253	2	6	11	5	2016.8
543	dcc	-0.8827	0.6482	5	10	12	5	2017.8
544	demand for money	0.9614	-0.0789	1	7	9	5	2015.8
545	deregulation	-0.314	-1.0365	6	9	11	5	2014.8
546	determinants	0.3205	-0.0342	3	7	9	5	2019.6
547	dols	1.2687	-0.8165	4	9	13	5	2017.4
548	drift detection	-1.6167	-0.5943	2	8	14	5	2020.8
549	dynamic conditional correlations	-0.072	-0.2538	8	9	11	5	2017.2
550	e12	0.3096	0.0546	11	15	18	5	2019.6
551	economic history	-0.6844	-0.5171	2	7	7	5	2018.6
552	econophysics	-0.801	-0.4927	2	5	5	5	2020.8
553	egypt	0.5096	0.4804	3	13	13	5	2019.8
554	empirical likelihood	-0.6754	0.427	3	5	5	5	2020.4
555	error correction	0.8864	0.0649	1	19	24	5	2019
556	error correction model (ecm)	0.4756	-0.0151	4	14	14	5	2019.2
557	ethiopia	0.4959	0.0899	4	14	14	5	2019
558	european monetary union	0.1772	-0.4583	11	4	5	5	2016
559	expectations	-0.8876	-0.6734	2	7	9	5	2016.8
560	figarch model	-1.0701	-0.0552	5	7	10	5	2014.6
561	fiji	1.6702	0.4404	9	6	15	5	2020.4
562	financial inclusion	0.6937	0.0391	1	13	14	5	2023.6
563	financial openness	1.4917	0.0589	1	11	11	5	2019.2
564	financial performance	0.3316	-0.0787	8	7	7	5	2019.6
565	financial stress	0.0158	0.6286	3	8	9	5	2023.4
566	flexible fourier form	-0.7127	0.4523	5	9	10	5	2019.2
567	fmols	1.2354	-0.7838	4	7	11	5	2021.4
568	food price	0.1701	0.8261	9	7	11	5	2017.2
569	foreign exchange	-0.2074	0.5076	9	17	18	5	2018.4
570	fossil fuels	0.1539	-0.0409	9	14	14	5	2021.6
571	fourier	0.4786	-0.4362	7	15	15	5	2024.2
572	functional data analysis	-1.1186	-0.1161	2	6	7	5	2022.6
573	g1	-0.0448	0.4824	3	15	18	5	2017.8
574	g21	0.1335	0.2787	2	19	22	5	2022
575	g32	0.0021	0.3478	2	14	14	5	2022.6
576	gcc	0.2636	0.7922	3	10	10	5	2018.4
577	genetic algorithm	-1.0807	-0.3131	2	10	14	5	2018
578	gold price	-0.1904	-0.2418	2	10	10	5	2017.8
579	government expenditure	1.0283	-0.4422	1	13	15	5	2018.6
580	greece	0.8198	-0.2327	1	17	19	5	2018.4
581	gross domestic product (gdp)	0.5187	-0.0219	4	6	6	5	2021
582	heteroscedasticity	0.2331	-0.4387	7	8	11	5	2017.8
583	human development index	1.0077	-0.0821	1	13	13	5	2020.8
584	impulse response	0.2913	0.5874	4	10	13	5	2021
585	industrial production	0.5428	0.4926	4	11	12	5	2017.8
586	industry	0.6716	0.3628	1	12	14	5	2019.2
587	information criterion	-0.62	-1.1021	6	4	7	5	2021
588	innovation	1.7555	0.817	11	4	4	5	2018.8
589	international visitor arrivals	1.689	0.4529	9	5	14	5	2019.6
590	italy	1.0348	-0.0249	1	14	18	5	2015.8
591	liquidity risk	-0.317	0.1775	2	7	8	5	2015.6
592	lm test	0.4264	-0.7037	7	6	10	5	2013.8
593	long-range dependence	-0.7514	0.4577	3	14	15	5	2020.2
594	macroeconomic determinants	0.2511	0.0784	4	16	16	5	2022.2
595	macroeconomic policy	0.8787	-0.0418	1	11	11	5	2020
596	markov chain	-1.4828	-0.362	2	6	6	5	2015
597	markov process	-0.7035	-0.4588	12	7	11	5	2017.2
598	mean-reversion	0.1137	-0.9807	10	9	13	5	2017.2
599	mgarch	-0.4575	0.6719	5	14	18	5	2020
600	modified information criterion	-1.162	-0.3221	2	4	9	5	2023.8
601	momentum	-0.994	-0.1371	10	5	6	5	2018.2
602	monetary aggregates	0.8651	-0.064	1	14	16	5	2017.6
603	morocco	0.7704	-0.0669	1	16	17	5	2024.8
604	non-renewable energy	0.9302	0.2326	11	14	21	5	2021
605	nonlinear ardl model	0.5564	0.44	3	11	12	5	2020.8
606	nonparametric regression	-1.12	-0.2869	2	8	10	5	2014.8
607	o33	0.0644	0.4439	8	24	30	5	2024.2
608	out-of-sample forecasting	-0.8652	-0.3523	10	7	7	5	2016.6
609	out-of-sample forecasts	-0.7719	-0.3552	11	5	6	5	2019
610	output	-0.2286	-0.04	9	9	11	5	2017.6
611	panel causality	0.5289	0.2417	3	12	14	5	2020.4
612	panel kss unit root test	0.7723	-0.5691	7	11	16	5	2016.2
613	panel unit root tests	0.1119	-0.126	6	11	17	5	2018
614	particle filter	-0.996	-0.3141	6	8	10	5	2019.4
615	pollution	1.1222	0.1284	1	17	19	5	2020.8
616	portugal	0.7689	0.1098	1	10	10	5	2021
617	prebisch-singer hypothesis	0.7464	-0.643	4	7	10	5	2015.2
618	price	-0.1406	-0.2211	12	13	13	5	2014.6
619	prices	0.6808	0.4013	4	11	14	5	2013.6
620	production	-0.3917	-0.3709	12	13	13	5	2017
621	q41	-0.0035	0.5185	3	24	28	5	2022.6
622	real estate market	0.2861	0.5004	3	14	14	5	2020.4
623	real-time	-0.5621	-0.5996	6	11	14	5	2017.2
624	regime changes	-0.6642	0.1609	6	11	12	5	2018.8
625	returns	-0.2901	0.7877	2	10	15	5	2020
626	sequential analysis	-1.4797	-0.3554	2	8	9	5	2019.6
627	shadow economy	0.9012	-0.1562	4	10	15	5	2017.6
628	shocks	1.2094	-0.6688	1	8	12	5	2017.8
629	singular value decomposition	-0.8337	-0.4984	12	6	8	5	2019.2
630	smooth structural breaks	-0.4351	0.3609	5	7	7	5	2018.4
631	smoothing	-0.6835	-0.4397	12	8	9	5	2014.8
632	state space model	-0.5364	-0.2718	12	9	12	5	2013
633	stress testing	-0.9368	0.5087	5	8	8	5	2018.8
634	structural breakpoint	-0.8598	0.0898	9	7	7	5	2016.4
635	taiwan	0.438	0.015	8	13	14	5	2013.6
636	terrorism	0.6783	-0.3389	1	15	18	5	2017.2
637	time-series	-0.6289	-0.3617	2	12	12	5	2018.4
638	time-varying correlation	-0.4561	0.2788	8	14	16	5	2017.4
639	time-varying parameter	-0.5321	-1.0434	6	11	15	5	2018.4
640	total factor productivity	-0.011	-0.7292	6	8	11	5	2015
641	turkish economy	0.1401	-0.429	12	15	18	5	2016.2
642	uk	0.7131	0.4412	1	13	14	5	2019
643	us economy	-0.8537	0.7394	5	5	7	5	2020.2
644	vector autoregressive model	0.5879	0.8622	4	10	12	5	2016.4
645	wagner's law	1.0154	-0.4899	1	9	12	5	2015.8
646	wavelet analysis	-0.6137	0.3622	5	6	6	5	2018
