1	2	155
1	3	68
1	4	7
1	5	110
1	6	60
1	7	67
1	8	52
1	9	21
1	10	27
1	11	37
1	12	55
1	13	38
1	14	42
1	15	41
1	16	23
1	17	32
1	18	55
1	19	18
1	20	29
1	21	25
1	22	18
1	23	31
1	24	18
1	25	22
1	26	17
1	27	16
1	29	19
1	30	11
1	31	31
1	32	30
1	33	3
1	34	31
1	35	20
1	36	14
1	37	14
1	38	10
1	39	16
1	40	21
1	41	25
1	42	6
1	43	7
1	44	9
1	45	10
1	46	12
1	47	3
1	48	15
1	49	19
1	50	12
1	51	12
1	52	2
1	53	7
1	54	10
1	55	12
1	56	7
1	57	13
1	58	16
1	59	11
1	60	20
1	61	15
1	62	11
1	63	11
1	64	3
1	65	10
1	66	4
1	67	5
1	68	10
1	69	6
1	70	19
1	71	9
1	72	10
1	73	11
1	74	10
1	75	8
1	76	4
1	77	3
1	78	6
1	79	10
1	80	3
1	81	6
1	82	4
1	83	9
1	84	9
1	85	2
1	86	6
1	87	7
1	88	6
1	90	11
1	91	12
1	92	5
1	93	1
1	94	5
1	95	7
1	96	4
1	97	7
1	98	8
1	99	1
1	100	9
1	101	5
1	102	3
1	104	4
1	105	5
1	106	4
1	107	6
1	108	10
1	109	5
1	110	3
1	111	8
1	112	7
1	113	4
1	114	1
1	115	12
1	116	7
1	117	2
1	118	8
1	119	5
1	120	12
1	121	5
1	123	4
1	124	6
1	125	2
1	126	7
1	127	8
1	128	1
1	129	5
1	130	1
1	131	5
1	132	2
1	133	3
1	134	5
1	135	9
1	136	2
1	137	4
1	138	9
1	139	1
1	140	7
1	141	6
1	142	2
1	143	10
1	144	3
1	145	7
1	146	5
1	147	5
1	148	5
1	149	5
1	150	5
1	151	5
1	152	9
1	153	10
1	154	4
1	155	5
1	156	3
1	157	5
1	158	1
1	159	9
1	160	5
1	161	2
1	163	3
1	164	1
1	165	9
1	166	4
1	167	4
1	168	3
1	169	4
1	170	4
1	171	5
1	172	8
1	173	3
1	174	1
1	175	5
1	176	5
1	177	3
1	178	3
1	179	4
1	180	3
1	181	5
1	182	4
1	183	6
1	184	2
1	185	7
1	186	5
1	187	5
1	188	2
1	189	3
1	190	5
1	191	3
1	192	3
1	193	4
1	194	2
1	195	5
1	196	4
1	197	7
1	198	6
1	199	8
1	200	3
1	201	7
1	202	2
1	203	1
1	204	1
1	206	5
1	207	2
1	208	4
1	209	5
1	210	3
1	211	4
1	213	2
1	214	6
1	215	4
1	216	1
1	217	3
1	218	1
1	219	5
1	220	3
1	221	1
1	222	2
1	223	6
1	224	6
1	225	6
1	226	6
1	227	1
1	228	1
1	229	2
1	230	1
1	231	2
1	232	1
1	233	8
1	234	4
1	236	3
1	237	2
1	238	1
1	239	1
1	240	3
1	241	3
1	242	4
1	243	4
1	244	4
1	245	4
1	246	5
1	247	2
1	248	2
1	249	7
1	250	4
1	251	3
1	252	3
1	253	5
1	254	2
1	256	6
1	257	2
1	258	6
1	260	3
1	261	1
1	262	2
1	265	3
1	266	2
1	267	2
1	268	3
1	269	5
1	270	1
1	272	8
1	273	6
1	274	3
1	275	2
1	276	1
1	277	6
1	278	9
1	279	4
1	280	4
1	281	3
1	282	2
1	283	5
1	284	2
1	285	3
1	286	1
1	287	2
1	288	3
1	289	3
1	290	4
1	291	2
1	293	3
1	294	4
1	295	7
1	296	4
1	297	3
1	298	1
1	299	2
1	300	2
1	301	1
1	302	4
1	303	4
1	304	2
1	305	2
1	306	5
1	307	4
1	308	4
1	309	2
1	310	2
1	311	2
1	313	3
1	314	4
1	315	3
1	316	3
1	317	5
1	318	3
1	319	2
1	320	1
1	322	4
1	323	2
1	324	3
1	325	1
1	326	3
1	327	5
1	329	4
1	330	1
1	331	2
1	332	2
1	333	2
1	334	4
1	335	2
1	336	3
1	337	2
1	338	3
1	340	2
1	342	1
1	343	1
1	344	4
1	345	1
1	346	4
1	348	6
1	349	6
1	350	1
1	351	2
1	352	5
1	353	7
1	354	1
1	355	4
1	356	4
1	357	5
1	358	3
1	359	1
1	360	2
1	361	1
1	362	1
1	363	1
1	364	3
1	366	2
1	367	2
1	368	3
1	369	2
1	370	4
1	371	3
1	372	3
1	373	4
1	374	2
1	375	6
1	376	4
1	377	2
1	380	3
1	381	4
1	382	1
1	383	4
1	384	3
1	385	5
1	386	3
1	387	3
1	389	4
1	391	2
1	392	3
1	393	3
1	394	4
1	395	4
1	396	2
1	397	3
1	398	1
1	399	1
1	400	4
1	401	4
1	403	1
1	405	2
1	406	3
1	408	4
1	409	1
1	410	2
1	411	3
1	412	2
1	414	1
1	415	2
1	416	3
1	417	3
1	418	2
1	419	1
1	420	2
1	421	1
1	423	1
1	425	5
1	426	2
1	427	2
1	428	3
1	429	2
1	430	4
1	431	3
1	432	2
1	435	1
1	436	1
1	437	1
1	438	3
1	440	3
1	441	2
1	442	5
1	446	4
1	449	4
1	450	1
1	451	2
1	452	4
1	454	3
1	455	2
1	456	1
1	459	2
1	460	2
1	461	3
1	462	1
1	463	5
1	465	1
1	467	3
1	469	5
1	471	2
1	472	1
1	473	5
1	474	1
1	476	1
1	477	4
1	478	1
1	479	4
1	480	4
1	481	3
1	482	1
1	483	2
1	484	2
1	485	5
1	487	3
1	489	1
1	490	3
1	491	1
1	492	3
1	493	2
1	494	2
1	495	4
1	497	3
1	498	1
1	499	2
1	500	1
1	501	1
1	502	2
1	503	3
1	504	3
1	505	1
1	506	2
1	508	4
1	509	1
1	510	4
1	511	2
1	512	2
1	514	2
1	517	1
1	518	1
1	519	2
1	520	1
1	521	2
1	522	1
1	524	1
1	526	2
1	527	2
1	528	1
1	529	1
1	530	3
1	532	2
1	533	1
1	535	2
1	536	2
1	537	4
1	538	5
1	539	2
1	544	1
1	545	1
1	546	1
1	547	1
1	549	3
1	550	3
1	553	1
1	554	1
1	555	3
1	557	1
1	558	2
1	559	3
1	560	3
1	563	1
1	565	1
1	566	2
1	567	1
1	568	1
1	569	2
1	570	1
1	571	1
1	572	1
1	573	2
1	574	3
1	577	1
1	578	1
1	579	2
1	580	1
1	581	1
1	582	3
1	583	1
1	584	3
1	585	2
1	586	1
1	587	2
1	588	1
1	590	2
1	591	1
1	592	3
1	593	2
1	594	1
1	597	1
1	598	4
1	599	2
1	601	2
1	602	1
1	603	2
1	604	2
1	606	1
1	607	2
1	608	1
1	609	2
1	610	2
1	611	1
1	613	4
1	614	1
1	615	1
1	617	3
1	618	1
1	619	3
1	620	1
1	621	2
1	623	3
1	624	1
1	625	2
1	628	4
1	629	1
1	631	2
1	632	4
1	633	1
1	635	2
1	636	2
1	637	1
1	638	3
1	639	3
1	640	3
1	641	2
1	642	1
1	643	3
1	644	3
1	645	2
2	3	25
2	4	1
2	5	25
2	6	11
2	7	2
2	8	19
2	9	10
2	10	4
2	11	11
2	12	1
2	13	2
2	14	14
2	15	9
2	16	10
2	18	1
2	19	5
2	20	19
2	21	4
2	22	5
2	23	7
2	24	5
2	25	1
2	26	18
2	27	8
2	29	1
2	30	3
2	31	2
2	32	3
2	33	5
2	34	5
2	35	3
2	36	1
2	38	1
2	39	8
2	40	1
2	41	1
2	42	5
2	43	5
2	44	1
2	45	2
2	46	4
2	47	2
2	48	8
2	50	1
2	51	3
2	52	3
2	53	2
2	54	3
2	56	1
2	57	9
2	59	3
2	60	3
2	62	1
2	64	1
2	65	3
2	67	3
2	69	9
2	70	1
2	73	1
2	74	3
2	75	1
2	76	1
2	79	3
2	80	4
2	82	1
2	83	1
2	84	3
2	85	2
2	87	2
2	88	3
2	92	1
2	95	3
2	96	5
2	97	3
2	98	3
2	100	1
2	102	1
2	107	1
2	108	2
2	109	5
2	110	1
2	111	4
2	113	3
2	116	3
2	117	2
2	118	3
2	121	1
2	122	2
2	123	2
2	124	4
2	125	2
2	126	3
2	127	2
2	129	1
2	131	4
2	132	4
2	134	1
2	135	1
2	136	1
2	137	4
2	139	2
2	141	1
2	148	2
2	150	3
2	152	3
2	163	1
2	164	1
2	165	1
2	167	2
2	174	2
2	175	1
2	177	1
2	178	1
2	179	2
2	182	1
2	183	1
2	184	2
2	189	2
2	191	3
2	192	1
2	193	1
2	195	2
2	198	1
2	199	1
2	200	1
2	201	1
2	207	1
2	208	1
2	212	1
2	218	1
2	219	1
2	222	1
2	223	1
2	225	1
2	229	1
2	231	2
2	232	1
2	237	1
2	238	1
2	240	1
2	241	2
2	248	1
2	249	1
2	251	3
2	252	1
2	256	3
2	260	3
2	263	2
2	266	1
2	269	3
2	271	1
2	275	1
2	280	2
2	290	1
2	293	1
2	296	4
2	301	2
2	304	1
2	308	4
2	313	1
2	316	1
2	318	2
2	320	2
2	323	2
2	324	3
2	346	1
2	352	2
2	353	1
2	362	1
2	367	3
2	370	2
2	371	1
2	372	1
2	376	1
2	379	3
2	380	1
2	381	1
2	383	1
2	385	2
2	386	1
2	389	2
2	392	2
2	394	2
2	395	2
2	396	2
2	398	1
2	405	1
2	409	3
2	414	2
2	417	1
2	418	4
2	423	2
2	424	1
2	425	1
2	426	1
2	429	1
2	431	1
2	432	1
2	436	1
2	438	1
2	442	4
2	449	2
2	452	2
2	455	1
2	456	1
2	470	1
2	473	1
2	474	1
2	475	1
2	478	1
2	479	1
2	489	1
2	490	1
2	500	1
2	501	2
2	502	1
2	503	1
2	506	1
2	507	1
2	509	1
2	512	1
2	519	1
2	525	2
2	527	1
2	529	2
2	530	1
2	533	1
2	537	1
2	544	2
2	545	2
2	547	1
2	549	1
2	553	1
2	555	4
2	556	1
2	557	1
2	563	1
2	569	1
2	571	1
2	576	1
2	584	1
2	585	1
2	590	3
2	594	1
2	598	1
2	602	2
2	604	1
2	606	1
2	615	1
2	618	1
2	620	1
2	637	1
2	638	1
2	640	1
2	641	2
2	642	1
2	644	1
2	645	2
3	5	3
3	6	12
3	7	1
3	8	9
3	9	58
3	10	1
3	11	8
3	12	1
3	14	4
3	16	24
3	19	10
3	20	15
3	21	1
3	22	30
3	26	9
3	27	6
3	29	3
3	30	5
3	31	5
3	32	2
3	33	17
3	34	3
3	35	3
3	37	3
3	42	2
3	43	10
3	44	4
3	45	2
3	46	5
3	47	10
3	48	5
3	50	2
3	51	3
3	52	8
3	53	1
3	54	3
3	56	4
3	59	1
3	64	1
3	65	4
3	67	8
3	68	1
3	69	6
3	72	1
3	75	1
3	76	2
3	84	6
3	85	5
3	86	1
3	87	1
3	88	1
3	89	2
3	91	1
3	94	1
3	95	3
3	96	3
3	98	5
3	100	2
3	101	3
3	102	1
3	104	2
3	107	4
3	109	1
3	110	3
3	113	1
3	117	1
3	119	1
3	121	1
3	122	2
3	123	4
3	125	3
3	129	2
3	131	1
3	132	4
3	134	4
3	135	1
3	136	4
3	137	1
3	141	1
3	142	2
3	146	1
3	152	1
3	155	1
3	156	6
3	158	2
3	163	7
3	167	2
3	168	1
3	171	1
3	177	2
3	178	3
3	179	2
3	186	1
3	189	1
3	194	1
3	195	1
3	198	1
3	201	3
3	202	1
3	205	1
3	207	1
3	210	2
3	211	4
3	212	1
3	213	1
3	218	3
3	222	1
3	224	2
3	227	1
3	231	3
3	232	1
3	234	1
3	238	8
3	239	4
3	240	1
3	252	1
3	255	2
3	260	1
3	263	1
3	271	4
3	280	3
3	281	2
3	285	3
3	286	1
3	288	1
3	299	1
3	301	1
3	302	1
3	303	1
3	304	1
3	309	3
3	311	1
3	314	1
3	318	1
3	320	1
3	323	1
3	325	1
3	328	1
3	335	4
3	337	3
3	340	1
3	341	1
3	343	1
3	344	1
3	345	2
3	352	1
3	355	1
3	357	1
3	361	1
3	362	1
3	366	1
3	367	2
3	368	1
3	372	5
3	379	1
3	382	1
3	384	1
3	385	1
3	389	3
3	395	1
3	396	2
3	405	2
3	416	2
3	419	1
3	422	2
3	425	2
3	431	1
3	436	3
3	437	1
3	438	1
3	457	1
3	461	1
3	472	2
3	474	1
3	489	2
3	496	1
3	498	1
3	501	1
3	502	3
3	503	1
3	505	1
3	506	1
3	509	2
3	511	1
3	521	1
3	524	2
3	533	1
3	547	2
3	553	1
3	561	3
3	562	1
3	563	1
3	567	2
3	570	1
3	576	1
3	577	1
3	580	2
3	583	1
3	586	1
3	588	1
3	589	3
3	603	1
3	604	2
3	607	2
3	611	2
3	615	1
3	617	1
3	628	2
3	635	1
3	636	3
3	637	1
3	640	2
3	641	1
3	643	1
3	645	1
4	7	3
4	8	1
4	10	7
4	12	4
4	13	1
4	14	1
4	17	2
4	18	2
4	21	3
4	24	2
4	25	2
4	26	1
4	30	10
4	35	3
4	36	1
4	37	1
4	38	2
4	42	1
4	44	7
4	45	3
4	50	1
4	54	2
4	55	2
4	61	5
4	64	1
4	66	2
4	73	1
4	74	2
4	77	7
4	78	1
4	82	1
4	92	3
4	93	1
4	99	3
4	101	2
4	106	1
4	108	2
4	112	1
4	114	2
4	115	1
4	119	2
4	130	4
4	144	1
4	153	1
4	157	2
4	161	1
4	162	1
4	169	1
4	170	1
4	172	1
4	173	4
4	181	1
4	189	1
4	190	1
4	196	1
4	203	2
4	204	3
4	215	1
4	217	1
4	230	3
4	246	1
4	257	2
4	264	2
4	287	5
4	294	1
4	299	1
4	303	1
4	306	1
4	309	1
4	312	1
4	321	1
4	322	2
4	331	1
4	347	1
4	390	2
4	402	1
4	403	1
4	412	1
4	420	2
4	430	1
4	443	1
4	445	2
4	448	1
4	451	1
4	464	1
4	476	1
4	481	2
4	482	1
4	491	1
4	500	1
4	510	2
4	527	1
4	528	1
4	531	1
4	538	1
4	554	1
4	572	1
4	573	1
4	582	1
4	587	1
4	593	1
4	596	1
4	597	3
4	600	5
4	606	2
4	608	1
4	622	1
4	624	2
4	626	2
4	646	1
5	6	7
5	7	3
5	8	2
5	9	2
5	10	1
5	11	4
5	12	4
5	13	1
5	14	5
5	15	3
5	16	5
5	17	1
5	18	1
5	19	1
5	20	4
5	21	7
5	22	3
5	23	12
5	25	4
5	26	1
5	27	2
5	30	5
5	31	2
5	32	11
5	34	10
5	35	5
5	37	1
5	39	2
5	40	3
5	41	3
5	44	2
5	46	3
5	48	2
5	49	1
5	50	1
5	53	1
5	54	2
5	60	1
5	61	1
5	62	1
5	64	1
5	65	1
5	68	6
5	69	2
5	71	1
5	72	4
5	80	2
5	81	2
5	84	1
5	91	7
5	95	2
5	96	1
5	100	1
5	101	1
5	108	6
5	113	1
5	116	3
5	118	2
5	119	1
5	120	2
5	122	1
5	126	2
5	127	2
5	129	1
5	132	1
5	134	1
5	139	1
5	141	2
5	143	5
5	145	1
5	152	1
5	153	1
5	154	1
5	155	3
5	165	3
5	167	1
5	168	1
5	176	1
5	185	1
5	186	1
5	191	2
5	192	1
5	194	1
5	195	1
5	199	3
5	207	1
5	209	1
5	212	3
5	240	1
5	249	3
5	253	1
5	268	2
5	272	1
5	275	1
5	288	2
5	293	1
5	295	3
5	307	1
5	308	1
5	315	1
5	316	1
5	318	2
5	320	1
5	323	2
5	330	1
5	332	3
5	333	1
5	344	1
5	348	2
5	350	1
5	352	1
5	362	1
5	371	1
5	375	1
5	381	1
5	385	1
5	387	1
5	396	1
5	397	2
5	408	1
5	410	1
5	411	5
5	425	1
5	431	1
5	442	1
5	443	1
5	452	1
5	455	1
5	465	1
5	482	1
5	490	1
5	492	1
5	493	1
5	500	1
5	503	1
5	504	1
5	519	1
5	521	1
5	525	2
5	527	1
5	554	1
5	555	1
5	573	1
5	582	2
5	583	1
5	592	1
5	598	2
5	602	1
5	617	2
5	619	1
5	628	1
5	641	1
6	7	2
6	8	11
6	9	2
6	10	2
6	11	6
6	12	4
6	13	1
6	14	1
6	15	13
6	16	12
6	17	2
6	18	3
6	19	2
6	20	4
6	24	1
6	25	1
6	26	6
6	27	2
6	29	1
6	30	3
6	31	2
6	32	3
6	34	2
6	35	1
6	36	1
6	37	4
6	41	3
6	42	1
6	43	1
6	44	1
6	46	5
6	47	3
6	48	1
6	51	1
6	55	1
6	57	5
6	59	1
6	60	1
6	61	1
6	62	3
6	65	5
6	66	1
6	67	1
6	68	11
6	72	1
6	73	2
6	75	2
6	76	1
6	78	1
6	79	3
6	81	1
6	83	12
6	85	1
6	87	4
6	90	1
6	93	1
6	94	7
6	96	1
6	98	3
6	100	2
6	102	1
6	106	2
6	108	1
6	111	3
6	115	1
6	125	2
6	131	5
6	132	1
6	137	1
6	141	1
6	151	3
6	152	1
6	153	3
6	155	1
6	165	1
6	166	9
6	167	1
6	175	1
6	177	1
6	178	1
6	179	1
6	180	1
6	181	1
6	186	1
6	190	1
6	191	1
6	192	5
6	194	1
6	196	2
6	201	1
6	206	1
6	207	1
6	215	2
6	218	1
6	220	1
6	223	2
6	225	1
6	227	1
6	232	1
6	233	1
6	240	2
6	244	1
6	247	1
6	248	1
6	249	2
6	250	1
6	257	2
6	261	1
6	262	1
6	269	2
6	273	1
6	280	1
6	282	1
6	283	1
6	284	2
6	286	1
6	307	1
6	313	1
6	317	1
6	320	1
6	334	2
6	343	1
6	346	1
6	355	1
6	362	3
6	365	1
6	366	1
6	374	1
6	375	1
6	376	2
6	395	1
6	397	1
6	401	2
6	403	1
6	410	1
6	412	1
6	421	1
6	427	1
6	431	1
6	444	1
6	446	1
6	447	1
6	448	1
6	455	1
6	456	1
6	459	2
6	465	1
6	467	1
6	471	1
6	472	2
6	477	1
6	478	1
6	480	2
6	488	2
6	493	1
6	496	1
6	500	1
6	503	1
6	508	1
6	513	1
6	517	1
6	520	1
6	528	1
6	550	1
6	551	1
6	553	1
6	559	1
6	571	1
6	580	1
6	585	1
6	610	2
6	619	2
6	620	1
6	635	1
6	641	1
7	8	5
7	9	1
7	10	14
7	11	3
7	12	39
7	13	5
7	14	10
7	17	6
7	18	9
7	19	3
7	20	1
7	21	2
7	24	7
7	25	2
7	26	1
7	29	2
7	30	1
7	31	6
7	32	2
7	35	1
7	36	7
7	37	2
7	38	9
7	39	2
7	40	8
7	41	10
7	43	1
7	45	1
7	46	1
7	47	1
7	49	2
7	50	2
7	53	2
7	55	2
7	56	1
7	59	3
7	60	3
7	62	1
7	63	6
7	64	1
7	66	1
7	69	1
7	70	1
7	71	2
7	74	1
7	77	1
7	78	2
7	80	2
7	86	1
7	87	3
7	89	1
7	90	1
7	93	1
7	96	1
7	97	1
7	102	2
7	105	9
7	106	1
7	112	8
7	115	1
7	117	2
7	120	1
7	124	1
7	127	2
7	128	4
7	133	5
7	135	1
7	142	1
7	143	1
7	145	2
7	147	1
7	148	1
7	149	1
7	150	1
7	151	1
7	157	1
7	165	1
7	169	2
7	170	1
7	171	3
7	172	2
7	174	1
7	175	1
7	180	2
7	185	1
7	186	1
7	189	1
7	190	1
7	192	1
7	195	1
7	196	2
7	201	1
7	202	1
7	204	1
7	206	1
7	208	1
7	210	2
7	216	1
7	217	2
7	219	1
7	220	1
7	222	2
7	224	1
7	226	1
7	228	1
7	232	2
7	234	2
7	236	1
7	242	1
7	244	1
7	247	1
7	251	1
7	252	1
7	253	1
7	256	1
7	261	1
7	262	1
7	263	1
7	266	3
7	268	1
7	274	1
7	275	2
7	289	1
7	290	1
7	293	1
7	299	1
7	302	3
7	307	1
7	310	1
7	313	1
7	329	1
7	351	1
7	354	1
7	363	1
7	366	1
7	368	1
7	375	2
7	379	1
7	380	1
7	386	1
7	391	2
7	393	1
7	398	1
7	401	1
7	414	1
7	421	1
7	427	2
7	428	1
7	439	1
7	450	2
7	451	1
7	461	1
7	467	1
7	475	1
7	481	1
7	490	1
7	491	1
7	494	5
7	499	1
7	504	1
7	523	1
7	527	1
7	529	1
7	535	2
7	539	1
7	543	1
7	549	1
7	560	1
7	569	1
7	573	1
7	577	1
7	585	1
7	593	1
7	599	4
7	618	1
7	625	4
7	638	1
8	10	4
8	11	16
8	12	4
8	13	2
8	14	4
8	15	4
8	16	3
8	17	4
8	18	2
8	19	5
8	20	3
8	21	3
8	23	5
8	25	2
8	26	4
8	27	4
8	30	2
8	31	8
8	32	3
8	35	1
8	36	3
8	38	1
8	39	11
8	40	2
8	43	6
8	44	5
8	46	3
8	47	6
8	50	4
8	52	4
8	57	1
8	58	1
8	59	2
8	60	1
8	61	1
8	65	5
8	66	1
8	67	3
8	68	1
8	69	2
8	70	1
8	71	1
8	75	2
8	76	4
8	79	2
8	80	5
8	82	1
8	84	2
8	85	3
8	88	2
8	94	3
8	95	2
8	101	1
8	103	2
8	104	1
8	105	1
8	107	1
8	111	2
8	116	2
8	120	1
8	124	3
8	128	1
8	131	1
8	134	1
8	135	1
8	142	1
8	151	1
8	154	1
8	158	1
8	161	1
8	165	1
8	175	3
8	176	1
8	178	1
8	182	1
8	185	1
8	186	2
8	189	2
8	194	2
8	201	4
8	202	1
8	203	1
8	206	2
8	207	2
8	215	1
8	217	1
8	218	1
8	220	1
8	223	1
8	227	1
8	229	1
8	232	2
8	233	1
8	260	1
8	261	1
8	263	2
8	280	1
8	282	2
8	288	1
8	289	1
8	293	2
8	301	3
8	303	1
8	311	2
8	319	1
8	324	3
8	325	1
8	326	1
8	343	1
8	355	2
8	365	1
8	378	1
8	379	2
8	386	1
8	393	1
8	398	1
8	405	1
8	409	1
8	413	1
8	414	1
8	415	1
8	416	1
8	418	2
8	421	1
8	424	1
8	427	2
8	428	1
8	437	1
8	440	1
8	460	1
8	469	3
8	470	1
8	476	1
8	488	3
8	493	1
8	503	1
8	507	1
8	509	1
8	520	1
8	545	2
8	560	2
8	564	1
8	571	1
8	578	1
8	585	1
8	605	1
8	608	1
8	625	1
8	631	1
8	634	1
8	644	1
9	11	1
9	13	2
9	14	2
9	16	11
9	19	4
9	20	6
9	22	16
9	25	1
9	26	1
9	27	6
9	31	3
9	33	12
9	35	2
9	42	2
9	43	4
9	45	1
9	46	2
9	47	12
9	48	8
9	52	5
9	54	2
9	56	3
9	57	1
9	59	1
9	62	6
9	65	2
9	66	2
9	67	5
9	69	1
9	72	1
9	84	1
9	85	6
9	89	5
9	94	1
9	95	2
9	96	2
9	100	1
9	104	1
9	107	1
9	109	1
9	110	3
9	111	1
9	113	8
9	122	5
9	123	1
9	125	4
9	129	1
9	131	1
9	132	1
9	133	1
9	134	4
9	136	4
9	141	1
9	142	2
9	145	1
9	156	7
9	158	2
9	163	2
9	168	2
9	177	2
9	178	1
9	184	3
9	193	5
9	194	1
9	195	1
9	200	4
9	201	1
9	205	2
9	210	2
9	211	3
9	213	2
9	218	3
9	227	1
9	229	1
9	231	3
9	236	1
9	237	3
9	238	1
9	239	2
9	260	1
9	263	3
9	270	2
9	271	2
9	280	1
9	285	2
9	286	1
9	301	1
9	323	1
9	328	2
9	335	1
9	337	1
9	341	2
9	344	2
9	355	1
9	360	1
9	367	1
9	369	2
9	372	2
9	383	1
9	384	1
9	405	1
9	422	1
9	425	1
9	427	1
9	432	2
9	467	2
9	472	1
9	474	3
9	500	1
9	501	1
9	502	2
9	511	2
9	517	1
9	518	1
9	530	1
9	547	2
9	563	1
9	567	2
9	573	1
9	579	1
9	580	1
9	586	1
9	595	1
9	603	1
9	607	1
9	627	1
10	11	5
10	12	8
10	13	5
10	14	9
10	15	1
10	16	6
10	17	1
10	19	4
10	20	1
10	21	3
10	24	4
10	25	2
10	26	3
10	27	1
10	28	1
10	29	5
10	30	1
10	31	1
10	35	1
10	36	6
10	38	3
10	39	3
10	41	1
10	43	1
10	46	1
10	47	1
10	49	2
10	50	1
10	53	4
10	54	2
10	55	1
10	59	1
10	61	1
10	63	1
10	64	3
10	66	2
10	68	1
10	69	1
10	71	2
10	74	1
10	78	2
10	81	1
10	86	1
10	87	1
10	96	1
10	97	3
10	103	1
10	105	1
10	106	1
10	110	2
10	111	1
10	112	2
10	117	2
10	121	1
10	130	1
10	133	1
10	135	1
10	138	1
10	147	1
10	157	1
10	158	1
10	161	1
10	164	1
10	165	1
10	167	1
10	168	1
10	175	1
10	176	1
10	177	1
10	179	1
10	180	1
10	189	1
10	192	1
10	194	1
10	197	1
10	202	3
10	205	1
10	206	1
10	209	1
10	210	1
10	216	1
10	227	1
10	228	4
10	230	1
10	235	1
10	236	1
10	240	1
10	241	1
10	242	3
10	251	1
10	254	1
10	260	1
10	266	1
10	268	1
10	271	1
10	279	1
10	289	1
10	290	5
10	296	2
10	297	1
10	300	1
10	301	1
10	302	1
10	305	1
10	331	1
10	339	1
10	345	1
10	349	1
10	354	1
10	358	1
10	364	1
10	365	1
10	394	1
10	398	1
10	405	1
10	413	1
10	418	1
10	419	1
10	439	1
10	440	1
10	448	1
10	464	3
10	471	1
10	482	1
10	490	2
10	507	1
10	509	1
10	515	1
10	523	2
10	531	1
10	535	1
10	538	1
10	543	2
10	548	1
10	549	1
10	584	1
10	588	1
10	599	1
10	600	2
10	621	2
10	622	1
10	625	1
10	634	1
10	642	1
11	13	1
11	14	7
11	15	1
11	16	3
11	17	2
11	19	1
11	20	6
11	21	1
11	22	1
11	25	2
11	26	2
11	27	2
11	29	2
11	30	1
11	31	8
11	32	2
11	33	1
11	34	2
11	36	6
11	37	1
11	38	1
11	39	3
11	40	1
11	41	1
11	43	2
11	44	1
11	46	4
11	47	2
11	48	4
11	49	5
11	52	1
11	53	2
11	56	2
11	61	2
11	65	1
11	66	2
11	75	1
11	76	1
11	80	1
11	84	1
11	85	1
11	89	3
11	92	1
11	96	1
11	97	1
11	100	1
11	102	1
11	107	2
11	111	1
11	112	1
11	115	1
11	122	1
11	125	2
11	126	1
11	133	2
11	134	1
11	141	1
11	160	2
11	165	1
11	176	1
11	180	2
11	184	1
11	195	1
11	202	1
11	207	3
11	210	1
11	212	1
11	215	1
11	220	3
11	228	1
11	232	3
11	237	2
11	238	1
11	258	2
11	260	2
11	261	1
11	276	2
11	288	1
11	297	1
11	300	2
11	311	1
11	320	4
11	328	1
11	332	1
11	335	1
11	341	1
11	354	1
11	356	1
11	364	1
11	367	1
11	369	1
11	370	1
11	388	1
11	399	1
11	405	3
11	412	1
11	414	1
11	427	2
11	429	1
11	448	1
11	456	1
11	460	1
11	484	1
11	488	1
11	490	2
11	491	1
11	499	1
11	503	1
11	504	1
11	512	2
11	520	1
11	523	1
11	524	2
11	545	1
11	556	1
11	568	3
11	576	1
11	578	1
11	585	1
11	610	1
11	621	2
11	622	1
11	641	1
11	644	1
11	646	1
12	13	4
12	14	2
12	17	4
12	18	3
12	19	1
12	20	1
12	21	2
12	24	1
12	25	3
12	27	1
12	29	7
12	30	1
12	31	3
12	36	4
12	37	1
12	38	4
12	39	1
12	40	1
12	41	5
12	44	1
12	49	4
12	53	1
12	55	2
12	56	1
12	59	1
12	61	1
12	63	8
12	68	1
12	69	1
12	70	1
12	75	1
12	77	1
12	78	3
12	80	2
12	83	1
12	86	1
12	87	2
12	90	1
12	92	1
12	93	3
12	97	1
12	103	2
12	104	1
12	105	6
12	106	1
12	112	3
12	119	3
12	120	1
12	128	1
12	130	1
12	133	2
12	140	4
12	143	1
12	145	1
12	147	1
12	157	1
12	159	5
12	165	1
12	166	3
12	167	1
12	171	1
12	172	2
12	176	2
12	180	1
12	181	1
12	183	1
12	185	1
12	189	1
12	202	1
12	204	1
12	206	1
12	210	1
12	222	1
12	226	1
12	235	1
12	236	1
12	242	1
12	251	1
12	254	1
12	266	3
12	269	1
12	273	1
12	275	1
12	277	1
12	279	1
12	289	1
12	290	1
12	293	1
12	296	1
12	297	1
12	302	1
12	310	1
12	320	1
12	326	2
12	329	1
12	331	2
12	351	3
12	353	3
12	359	1
12	363	1
12	366	1
12	378	1
12	379	1
12	386	1
12	391	1
12	421	4
12	427	1
12	439	1
12	450	1
12	481	1
12	485	5
12	490	2
12	495	1
12	519	1
12	528	1
12	531	1
12	534	1
12	566	1
12	569	1
12	573	1
12	593	1
12	609	1
12	634	1
13	14	3
13	15	7
13	16	1
13	17	1
13	18	3
13	20	1
13	21	3
13	25	2
13	26	5
13	27	2
13	28	1
13	30	1
13	31	2
13	34	1
13	37	1
13	39	4
13	40	1
13	42	1
13	44	1
13	46	1
13	48	1
13	49	3
13	51	2
13	53	2
13	54	2
13	59	1
13	60	1
13	66	1
13	69	1
13	71	8
13	77	1
13	78	1
13	79	1
13	80	1
13	81	1
13	82	1
13	86	1
13	88	2
13	97	1
13	104	2
13	106	1
13	107	1
13	112	2
13	114	1
13	117	2
13	127	1
13	133	2
13	145	1
13	147	2
13	149	1
13	157	2
13	160	1
13	164	2
13	170	2
13	177	1
13	181	1
13	183	1
13	189	1
13	194	1
13	197	1
13	208	1
13	214	2
13	215	2
13	216	2
13	217	1
13	218	1
13	224	2
13	225	2
13	226	2
13	227	1
13	228	1
13	234	1
13	235	1
13	241	1
13	245	2
13	246	3
13	260	1
13	262	1
13	263	1
13	267	1
13	282	1
13	292	1
13	298	1
13	324	1
13	338	1
13	340	1
13	351	1
13	354	1
13	364	1
13	366	1
13	378	2
13	384	2
13	394	1
13	403	1
13	413	1
13	414	2
13	419	1
13	426	1
13	435	1
13	439	2
13	453	1
13	454	1
13	462	1
13	476	1
13	479	1
13	494	1
13	499	1
13	506	1
13	515	1
13	530	1
13	536	1
13	537	2
13	567	1
13	591	1
13	593	1
13	605	1
13	622	1
13	633	1
13	642	1
13	643	1
14	16	4
14	18	5
14	19	5
14	20	2
14	21	3
14	25	2
14	26	3
14	27	5
14	28	1
14	29	3
14	30	1
14	31	1
14	36	1
14	37	1
14	40	2
14	41	2
14	43	1
14	46	1
14	48	1
14	49	3
14	50	1
14	53	2
14	54	3
14	55	1
14	56	1
14	59	2
14	60	1
14	61	3
14	62	1
14	63	2
14	64	1
14	65	1
14	71	1
14	78	2
14	86	2
14	88	3
14	92	1
14	93	1
14	97	3
14	106	1
14	108	3
14	112	2
14	114	1
14	128	1
14	145	1
14	148	1
14	149	2
14	150	2
14	154	2
14	159	1
14	160	2
14	170	1
14	171	1
14	178	1
14	186	1
14	189	1
14	192	1
14	205	1
14	206	2
14	208	1
14	209	1
14	212	1
14	216	1
14	217	1
14	219	1
14	220	1
14	223	1
14	224	2
14	226	1
14	233	1
14	243	1
14	251	1
14	258	1
14	262	2
14	265	1
14	268	1
14	273	1
14	279	2
14	289	1
14	292	1
14	296	1
14	299	1
14	319	1
14	320	1
14	325	1
14	348	1
14	352	1
14	363	1
14	366	1
14	386	1
14	398	2
14	400	2
14	402	1
14	418	2
14	432	1
14	437	1
14	439	1
14	445	1
14	448	2
14	451	1
14	466	1
14	471	1
14	472	1
14	490	1
14	491	1
14	499	1
14	535	2
14	536	1
14	540	1
14	552	1
14	557	1
14	563	1
14	576	1
14	584	1
14	586	1
14	622	1
14	627	1
14	629	2
14	635	1
14	641	2
15	16	4
15	17	1
15	18	1
15	19	2
15	20	1
15	24	1
15	25	1
15	26	2
15	27	4
15	29	3
15	32	1
15	33	1
15	35	1
15	36	1
15	37	2
15	41	1
15	43	2
15	45	1
15	46	1
15	47	1
15	48	2
15	51	7
15	53	2
15	54	1
15	56	1
15	57	4
15	59	1
15	61	2
15	65	1
15	68	3
15	71	1
15	73	2
15	74	1
15	75	3
15	79	8
15	81	1
15	83	1
15	90	2
15	94	2
15	100	2
15	111	1
15	117	1
15	124	2
15	125	1
15	126	1
15	131	1
15	138	1
15	141	1
15	143	3
15	144	1
15	151	6
15	153	4
15	155	1
15	161	3
15	166	1
15	174	2
15	176	1
15	179	2
15	189	1
15	190	1
15	193	1
15	197	2
15	202	1
15	203	1
15	209	1
15	211	1
15	215	1
15	223	1
15	225	7
15	227	1
15	240	2
15	241	1
15	242	1
15	243	1
15	247	1
15	248	1
15	250	1
15	252	1
15	265	1
15	269	1
15	280	1
15	282	1
15	283	1
15	284	1
15	288	1
15	298	1
15	301	1
15	307	1
15	313	4
15	317	2
15	324	1
15	328	1
15	333	1
15	346	3
15	376	2
15	384	1
15	389	1
15	392	3
15	401	1
15	406	1
15	408	1
15	413	2
15	414	1
15	415	3
15	418	1
15	436	1
15	448	1
15	455	2
15	461	1
15	468	1
15	470	1
15	483	1
15	488	1
15	530	3
15	544	2
15	559	1
15	579	1
15	622	1
15	623	1
15	637	1
15	644	1
16	18	1
16	19	4
16	20	8
16	21	2
16	22	8
16	24	2
16	25	1
16	26	2
16	27	7
16	30	1
16	33	3
16	34	1
16	36	2
16	39	1
16	42	1
16	43	6
16	45	1
16	46	3
16	47	1
16	48	3
16	51	1
16	53	1
16	54	1
16	56	2
16	57	3
16	59	1
16	60	1
16	62	1
16	65	3
16	66	2
16	67	1
16	69	2
16	78	1
16	79	1
16	80	1
16	83	1
16	84	3
16	87	1
16	88	1
16	89	1
16	94	2
16	97	2
16	98	2
16	104	1
16	105	1
16	106	1
16	107	1
16	113	1
16	118	1
16	121	1
16	122	1
16	123	2
16	125	1
16	126	1
16	131	1
16	132	2
16	134	2
16	135	1
16	136	1
16	140	1
16	142	1
16	151	1
16	156	2
16	158	1
16	163	1
16	168	1
16	171	1
16	174	3
16	175	1
16	176	1
16	177	2
16	178	2
16	184	1
16	191	1
16	194	1
16	198	1
16	200	1
16	202	1
16	210	1
16	211	2
16	212	2
16	218	1
16	228	1
16	229	1
16	234	1
16	236	1
16	238	1
16	260	1
16	263	1
16	271	1
16	280	2
16	282	1
16	285	1
16	290	1
16	296	1
16	301	2
16	309	1
16	314	1
16	316	1
16	320	1
16	323	1
16	337	1
16	341	1
16	345	1
16	347	1
16	352	1
16	355	1
16	356	1
16	366	2
16	372	3
16	377	1
16	382	1
16	389	1
16	405	2
16	417	1
16	425	1
16	432	4
16	436	2
16	470	1
16	472	2
16	481	1
16	501	1
16	506	1
16	509	2
16	511	1
16	528	1
16	546	1
16	547	1
16	561	3
16	570	1
16	576	1
16	580	1
16	583	1
16	586	2
16	589	3
16	594	1
16	615	1
16	621	1
16	622	1
16	627	1
16	636	1
16	642	1
17	18	2
17	19	2
17	24	3
17	25	1
17	29	6
17	30	5
17	31	1
17	35	1
17	36	1
17	37	1
17	38	3
17	39	1
17	42	3
17	44	3
17	50	1
17	51	1
17	55	2
17	58	3
17	60	2
17	61	1
17	64	4
17	73	1
17	74	3
17	75	2
17	82	3
17	87	1
17	88	2
17	90	3
17	93	4
17	99	1
17	100	3
17	108	1
17	119	1
17	120	1
17	128	1
17	130	1
17	134	1
17	135	1
17	140	1
17	144	1
17	154	1
17	157	1
17	161	2
17	176	1
17	178	1
17	180	1
17	182	1
17	187	1
17	195	1
17	196	2
17	197	1
17	203	1
17	207	1
17	215	1
17	217	1
17	226	1
17	233	1
17	236	2
17	246	1
17	249	1
17	253	1
17	255	1
17	257	1
17	262	1
17	265	1
17	266	1
17	275	1
17	277	1
17	287	1
17	293	2
17	304	1
17	329	1
17	338	2
17	346	2
17	348	1
17	359	1
17	365	1
17	387	1
17	402	4
17	406	1
17	410	1
17	420	2
17	421	1
17	427	1
17	430	1
17	444	1
17	447	2
17	463	1
17	475	1
17	478	1
17	483	1
17	484	1
17	493	1
17	618	1
17	631	1
17	637	1
17	639	1
18	21	3
18	23	1
18	24	1
18	25	4
18	27	1
18	29	3
18	30	1
18	31	1
18	36	2
18	38	2
18	40	10
18	41	4
18	46	1
18	48	1
18	49	1
18	50	2
18	53	1
18	58	4
18	63	2
18	70	4
18	72	1
18	73	1
18	78	4
18	80	1
18	87	2
18	94	1
18	97	1
18	111	1
18	116	1
18	118	1
18	133	1
18	145	1
18	148	1
18	157	1
18	159	2
18	162	1
18	179	1
18	180	1
18	183	1
18	217	1
18	221	1
18	224	2
18	243	1
18	244	3
18	246	2
18	268	1
18	273	5
18	279	2
18	292	1
18	294	1
18	297	1
18	299	1
18	300	1
18	310	2
18	349	1
18	350	1
18	351	1
18	353	1
18	368	1
18	374	1
18	397	1
18	403	1
18	417	1
18	440	1
18	441	1
18	452	1
18	459	3
18	463	1
18	472	1
18	479	1
18	481	1
18	490	1
18	499	1
18	510	1
18	523	1
18	593	1
18	619	1
18	623	1
19	20	2
19	22	1
19	23	1
19	26	3
19	27	5
19	29	1
19	30	1
19	31	2
19	33	3
19	36	1
19	39	2
19	40	1
19	42	3
19	43	2
19	45	1
19	49	2
19	51	1
19	52	2
19	53	1
19	54	1
19	55	1
19	56	2
19	57	2
19	62	1
19	83	1
19	85	1
19	89	2
19	95	2
19	101	1
19	113	3
19	115	2
19	116	1
19	121	3
19	123	2
19	125	1
19	126	1
19	131	1
19	136	1
19	137	1
19	141	1
19	142	1
19	150	1
19	158	1
19	163	1
19	164	1
19	183	1
19	193	1
19	202	1
19	205	3
19	218	1
19	229	2
19	231	1
19	236	1
19	239	1
19	250	1
19	263	1
19	271	1
19	289	1
19	291	1
19	296	1
19	308	1
19	317	1
19	324	2
19	325	4
19	338	2
19	342	1
19	352	1
19	418	2
19	446	1
19	452	1
19	458	1
19	471	1
19	483	1
19	492	1
19	524	2
19	549	1
19	570	1
19	574	1
19	579	1
19	612	1
19	635	1
20	22	4
20	27	1
20	30	1
20	31	1
20	32	1
20	33	1
20	34	4
20	36	1
20	37	1
20	38	1
20	39	1
20	42	3
20	43	2
20	47	4
20	48	1
20	49	2
20	50	1
20	51	1
20	53	1
20	56	1
20	59	1
20	60	2
20	62	1
20	67	1
20	69	2
20	71	1
20	76	1
20	78	1
20	80	1
20	84	4
20	92	1
20	94	1
20	98	1
20	110	1
20	117	1
20	120	1
20	121	1
20	122	2
20	126	1
20	127	1
20	131	2
20	135	1
20	150	1
20	151	1
20	154	1
20	163	1
20	166	1
20	179	1
20	184	2
20	186	2
20	190	1
20	191	1
20	193	1
20	200	1
20	207	1
20	211	1
20	219	1
20	223	1
20	229	1
20	246	1
20	262	1
20	265	1
20	280	1
20	288	1
20	301	1
20	309	1
20	319	1
20	322	1
20	326	1
20	363	1
20	367	1
20	374	1
20	389	2
20	394	1
20	414	1
20	420	1
20	427	1
20	457	1
20	462	1
20	465	1
20	484	1
20	502	1
20	518	1
20	521	1
20	555	1
20	561	3
20	566	1
20	568	1
20	571	1
20	589	3
20	590	1
20	602	1
20	621	1
20	625	1
20	636	1
20	645	1
21	24	6
21	25	1
21	26	2
21	30	1
21	32	2
21	35	4
21	36	3
21	38	2
21	39	3
21	40	4
21	43	1
21	49	1
21	51	1
21	53	3
21	54	2
21	61	1
21	65	1
21	74	1
21	81	2
21	86	1
21	97	2
21	106	2
21	107	1
21	108	6
21	110	1
21	115	1
21	117	1
21	122	1
21	145	1
21	147	2
21	176	1
21	181	1
21	210	1
21	215	1
21	216	3
21	217	1
21	221	1
21	244	1
21	253	1
21	255	1
21	273	1
21	279	2
21	281	1
21	287	1
21	290	1
21	291	1
21	294	1
21	305	1
21	307	1
21	319	1
21	336	1
21	342	1
21	354	1
21	362	1
21	366	1
21	374	2
21	393	2
21	400	1
21	423	1
21	515	1
21	522	1
21	523	1
21	560	1
21	598	1
21	601	1
21	612	1
21	644	1
22	24	2
22	26	3
22	27	1
22	31	5
22	33	10
22	35	1
22	38	1
22	42	4
22	43	1
22	47	4
22	48	2
22	50	1
22	51	2
22	52	3
22	56	1
22	59	1
22	62	1
22	65	1
22	67	1
22	69	1
22	72	1
22	84	1
22	85	2
22	100	1
22	101	1
22	102	1
22	107	2
22	110	3
22	113	3
22	123	3
22	125	2
22	127	1
22	134	1
22	136	2
22	142	1
22	158	1
22	177	1
22	178	1
22	184	1
22	186	1
22	198	1
22	202	1
22	211	2
22	229	1
22	237	1
22	238	1
22	239	1
22	263	1
22	270	1
22	271	1
22	280	1
22	286	1
22	302	1
22	315	1
22	323	1
22	328	1
22	332	1
22	344	1
22	352	2
22	372	3
22	387	1
22	405	2
22	416	1
22	422	1
22	424	1
22	425	1
22	436	1
22	465	1
22	474	1
22	489	2
22	501	1
22	509	2
22	533	3
22	583	1
22	586	1
22	615	3
22	616	1
22	628	1
23	25	5
23	26	1
23	27	1
23	31	1
23	32	1
23	34	14
23	35	2
23	41	1
23	47	1
23	59	2
23	72	1
23	80	6
23	81	2
23	86	1
23	91	3
23	115	2
23	121	1
23	124	2
23	126	1
23	127	1
23	139	1
23	141	2
23	165	1
23	167	1
23	185	2
23	187	1
23	250	1
23	256	1
23	278	4
23	288	3
23	318	1
23	332	1
23	333	1
23	336	2
23	342	2
23	356	1
23	357	1
23	366	1
23	395	1
23	399	3
23	411	2
23	414	1
23	424	1
23	425	1
23	458	1
23	470	1
23	514	2
23	520	1
23	538	1
23	566	1
23	569	1
23	571	1
23	592	1
23	598	1
23	613	1
23	618	1
23	630	1
24	25	1
24	28	1
24	30	1
24	31	2
24	38	16
24	40	1
24	41	1
24	43	1
24	44	2
24	49	3
24	54	2
24	55	2
24	58	2
24	64	3
24	70	1
24	87	2
24	91	1
24	93	4
24	96	1
24	97	2
24	100	2
24	112	1
24	128	2
24	130	4
24	135	1
24	146	1
24	147	2
24	151	1
24	159	1
24	163	1
24	172	3
24	175	1
24	176	1
24	189	2
24	206	1
24	228	2
24	230	1
24	232	1
24	245	1
24	265	1
24	273	1
24	279	1
24	290	1
24	303	1
24	305	2
24	307	1
24	320	1
24	346	1
24	347	1
24	374	4
24	391	3
24	393	1
24	398	1
24	402	1
24	421	1
24	434	1
24	437	1
24	447	1
24	463	1
24	464	1
24	466	1
24	475	1
24	479	1
24	482	1
24	494	1
24	523	1
24	535	1
24	565	1
24	584	1
24	593	1
24	599	1
24	630	1
25	27	3
25	30	2
25	31	2
25	32	2
25	34	2
25	36	2
25	37	3
25	38	1
25	40	1
25	41	2
25	42	1
25	46	1
25	47	1
25	48	1
25	51	1
25	54	1
25	55	2
25	59	5
25	60	1
25	63	1
25	64	1
25	66	1
25	67	2
25	73	1
25	74	1
25	78	10
25	80	5
25	83	1
25	84	1
25	85	1
25	86	2
25	90	1
25	91	2
25	94	6
25	98	1
25	106	4
25	112	1
25	114	1
25	124	2
25	128	1
25	131	1
25	136	1
25	137	1
25	145	1
25	147	3
25	151	3
25	153	1
25	154	1
25	155	1
25	160	1
25	169	1
25	172	2
25	176	1
25	179	1
25	180	1
25	181	7
25	185	1
25	189	3
25	202	1
25	206	1
25	209	2
25	210	3
25	214	1
25	216	2
25	219	1
25	242	1
25	245	4
25	247	2
25	248	1
25	256	1
25	265	4
25	279	6
25	283	1
25	288	1
25	306	1
25	307	3
25	313	2
25	318	2
25	319	1
25	349	1
25	350	1
25	357	1
25	366	1
25	386	1
25	391	1
25	399	1
25	405	2
25	422	1
25	430	2
25	431	2
25	459	1
25	506	1
25	514	1
25	556	1
25	557	1
25	569	1
25	571	1
25	573	2
25	593	1
25	594	1
25	595	1
25	599	1
25	607	1
25	612	1
25	621	2
25	622	1
26	27	1
26	32	2
26	33	1
26	35	1
26	36	1
26	39	4
26	42	2
26	48	1
26	54	1
26	59	1
26	66	1
26	69	2
26	76	1
26	85	1
26	88	1
26	97	2
26	100	1
26	107	3
26	108	1
26	115	1
26	121	1
26	122	1
26	123	1
26	127	1
26	137	1
26	139	1
26	147	1
26	154	1
26	164	1
26	166	1
26	176	1
26	177	1
26	178	1
26	180	1
26	189	1
26	198	1
26	206	1
26	207	1
26	223	1
26	228	1
26	245	1
26	248	1
26	256	1
26	281	1
26	288	1
26	296	1
26	297	1
26	309	1
26	328	1
26	340	1
26	352	2
26	354	2
26	363	1
26	370	1
26	371	1
26	385	1
26	387	1
26	413	1
26	418	2
26	424	1
26	464	1
26	471	1
26	496	1
26	503	1
26	509	1
26	517	1
26	553	1
26	584	1
26	586	1
26	590	1
26	629	1
26	644	1
27	30	1
27	33	1
27	35	1
27	39	1
27	42	2
27	43	3
27	44	2
27	52	1
27	53	1
27	54	3
27	56	1
27	57	1
27	59	4
27	60	2
27	66	1
27	67	2
27	69	1
27	73	1
27	75	1
27	76	1
27	80	2
27	85	2
27	94	2
27	95	2
27	100	2
27	104	1
27	105	1
27	108	1
27	109	1
27	113	2
27	117	1
27	123	1
27	124	1
27	125	1
27	134	1
27	136	1
27	151	1
27	156	1
27	163	2
27	174	1
27	176	1
27	185	1
27	198	1
27	201	1
27	211	1
27	212	1
27	239	1
27	250	1
27	258	1
27	268	1
27	288	1
27	294	1
27	296	1
27	313	1
27	317	1
27	323	1
27	325	2
27	328	1
27	340	1
27	341	1
27	355	1
27	358	1
27	360	1
27	369	1
27	376	2
27	405	1
27	413	2
27	414	1
27	419	1
27	422	1
27	436	1
27	465	1
27	471	1
27	483	1
27	501	1
27	524	2
27	545	1
27	546	1
27	550	1
27	571	1
27	595	1
27	607	1
27	635	1
28	30	2
28	54	1
28	64	7
28	86	1
28	96	1
28	114	2
28	130	1
28	149	1
28	150	1
28	160	1
28	162	6
28	173	1
28	220	1
28	230	1
28	312	6
28	403	1
28	407	4
28	426	1
28	434	5
28	444	3
28	466	4
28	486	3
28	513	4
28	542	3
28	548	4
29	31	1
29	36	1
29	37	4
29	39	2
29	40	1
29	41	1
29	47	1
29	50	3
29	55	1
29	58	1
29	59	1
29	60	1
29	67	1
29	70	1
29	77	1
29	83	1
29	88	1
29	90	3
29	98	1
29	102	1
29	104	1
29	119	3
29	120	2
29	139	1
29	143	1
29	144	1
29	152	1
29	172	1
29	180	1
29	183	1
29	187	1
29	188	2
29	197	1
29	201	2
29	209	1
29	210	1
29	225	1
29	228	1
29	255	1
29	277	1
29	282	1
29	287	1
29	288	1
29	291	1
29	293	1
29	294	1
29	306	1
29	317	1
29	329	1
29	346	2
29	350	1
29	351	2
29	359	1
29	408	1
29	417	1
29	437	1
29	459	1
29	481	1
29	491	1
29	495	2
29	541	1
29	631	1
29	639	1
29	641	1
30	33	1
30	42	1
30	46	1
30	51	1
30	54	2
30	61	1
30	64	4
30	69	1
30	84	1
30	114	3
30	118	1
30	119	1
30	135	1
30	138	1
30	169	1
30	176	2
30	201	1
30	207	1
30	217	1
30	220	1
30	222	1
30	230	4
30	234	1
30	235	1
30	236	1
30	238	2
30	249	1
30	253	2
30	259	1
30	262	1
30	275	1
30	277	1
30	292	3
30	307	1
30	334	1
30	348	1
30	360	1
30	403	1
30	404	1
30	412	1
30	436	1
30	441	1
30	445	1
30	476	2
30	482	1
30	506	1
30	509	1
30	518	1
30	525	1
30	577	3
30	580	2
30	590	1
30	597	1
30	606	2
30	616	1
30	636	1
31	32	3
31	33	2
31	36	2
31	37	3
31	38	3
31	41	2
31	43	7
31	48	1
31	49	1
31	50	1
31	55	1
31	60	2
31	61	2
31	65	1
31	71	1
31	84	1
31	90	1
31	96	1
31	102	1
31	105	1
31	110	1
31	112	1
31	113	1
31	120	2
31	122	1
31	126	2
31	143	2
31	149	1
31	157	3
31	158	1
31	170	2
31	178	1
31	179	1
31	180	2
31	185	1
31	190	1
31	209	2
31	215	1
31	226	1
31	246	2
31	258	1
31	263	1
31	289	1
31	329	1
31	345	1
31	382	1
31	392	1
31	460	1
31	469	3
31	481	1
31	493	1
31	503	1
31	568	2
31	576	1
31	602	1
31	642	1
32	34	2
32	36	1
32	37	1
32	40	1
32	42	1
32	51	1
32	53	2
32	54	1
32	57	2
32	62	1
32	65	2
32	74	1
32	83	1
32	85	1
32	98	2
32	105	1
32	115	1
32	116	2
32	118	3
32	127	2
32	141	3
32	145	2
32	152	1
32	154	1
32	155	2
32	156	1
32	164	2
32	165	1
32	176	1
32	179	1
32	199	3
32	209	1
32	249	1
32	251	1
32	253	1
32	258	1
32	281	1
32	294	1
32	295	1
32	318	2
32	326	1
32	332	1
32	336	1
32	354	1
32	358	1
32	389	1
32	415	1
32	506	1
32	537	1
32	555	1
32	628	1
32	630	1
33	42	3
33	43	2
33	47	1
33	48	3
33	51	2
33	52	5
33	56	3
33	62	2
33	64	1
33	76	1
33	85	4
33	102	1
33	107	1
33	110	2
33	111	1
33	122	4
33	123	6
33	125	1
33	128	1
33	131	1
33	136	5
33	155	1
33	156	1
33	163	1
33	184	3
33	198	3
33	200	2
33	205	3
33	211	3
33	213	1
33	218	2
33	224	1
33	238	6
33	239	1
33	260	1
33	270	1
33	271	2
33	328	1
33	369	1
33	417	2
33	422	1
33	424	1
33	465	1
33	475	1
33	489	5
33	507	1
33	511	1
33	579	1
33	580	1
33	604	2
33	615	1
33	637	1
34	37	1
34	41	2
34	42	1
34	47	1
34	51	2
34	61	1
34	66	1
34	80	1
34	81	1
34	84	2
34	95	1
34	100	1
34	107	1
34	115	1
34	121	1
34	138	2
34	140	1
34	145	1
34	165	3
34	167	1
34	168	1
34	178	1
34	185	1
34	191	1
34	212	1
34	232	1
34	245	1
34	249	1
34	272	3
34	301	1
34	303	1
34	311	1
34	336	1
34	355	1
34	395	1
34	438	1
34	550	1
34	556	1
34	581	1
34	598	1
35	42	1
35	52	3
35	53	1
35	61	1
35	67	2
35	68	1
35	72	1
35	74	3
35	83	1
35	84	1
35	85	1
35	86	1
35	87	1
35	89	1
35	101	1
35	102	1
35	107	1
35	115	5
35	120	2
35	121	1
35	123	1
35	125	1
35	127	1
35	145	1
35	186	1
35	187	1
35	189	1
35	197	1
35	199	1
35	201	1
35	207	1
35	229	1
35	233	3
35	248	1
35	261	1
35	263	1
35	281	1
35	309	1
35	314	1
35	315	1
35	336	1
35	340	1
35	357	1
35	368	1
35	383	1
35	390	1
35	397	1
35	414	1
35	431	1
35	487	1
35	497	1
35	522	1
35	538	2
35	546	2
35	573	1
35	583	1
35	598	1
35	607	1
35	630	1
36	37	1
36	38	1
36	40	1
36	43	1
36	46	1
36	47	1
36	50	1
36	51	1
36	54	3
36	60	2
36	61	2
36	63	1
36	69	1
36	73	1
36	78	1
36	86	1
36	87	1
36	88	1
36	96	1
36	105	1
36	106	1
36	110	2
36	111	1
36	112	1
36	120	1
36	135	1
36	145	1
36	146	1
36	154	4
36	158	1
36	160	1
36	171	1
36	172	1
36	181	1
36	185	1
36	202	1
36	227	1
36	228	2
36	232	1
36	242	1
36	254	1
36	255	1
36	260	1
36	273	1
36	279	1
36	281	1
36	289	1
36	319	1
36	339	1
36	351	1
36	388	1
36	423	1
36	441	1
36	447	1
36	448	1
36	460	3
36	484	1
36	491	1
36	498	1
36	644	1
37	42	1
37	51	2
37	52	1
37	53	1
37	55	1
37	59	1
37	68	3
37	75	1
37	76	1
37	83	2
37	84	1
37	90	2
37	91	1
37	99	1
37	101	1
37	102	1
37	105	1
37	109	1
37	125	1
37	128	1
37	131	1
37	143	1
37	149	1
37	150	1
37	154	1
37	172	1
37	181	1
37	188	1
37	190	2
37	198	1
37	209	5
37	210	2
37	232	1
37	245	1
37	250	1
37	255	1
37	265	1
37	275	1
37	306	3
37	307	1
37	314	1
37	348	1
37	350	2
37	351	1
37	354	1
37	362	1
37	365	1
37	373	1
37	397	1
37	401	1
37	403	1
37	426	1
37	437	1
37	458	1
37	473	1
37	481	1
37	511	1
37	536	1
37	551	1
37	628	1
37	641	1
38	41	1
38	44	1
38	49	2
38	54	2
38	58	3
38	61	1
38	66	1
38	70	1
38	71	1
38	78	2
38	87	3
38	93	4
38	96	1
38	100	1
38	102	1
38	103	1
38	128	2
38	130	5
38	135	1
38	147	1
38	154	1
38	172	2
38	175	1
38	176	1
38	196	1
38	210	1
38	223	1
38	270	1
38	290	1
38	305	1
38	320	1
38	347	1
38	374	6
38	391	2
38	398	1
38	402	2
38	421	1
38	447	1
38	464	1
38	494	3
38	540	1
38	543	1
38	599	1
38	625	2
39	43	1
39	46	2
39	47	1
39	48	1
39	50	1
39	54	1
39	59	1
39	65	2
39	66	1
39	76	1
39	78	1
39	81	1
39	86	1
39	88	1
39	106	3
39	107	1
39	111	1
39	115	1
39	120	1
39	128	1
39	147	1
39	158	1
39	164	1
39	166	1
39	181	1
39	189	1
39	202	1
39	210	1
39	215	1
39	216	2
39	219	1
39	224	1
39	227	1
39	233	1
39	247	1
39	311	1
39	366	1
39	437	1
39	460	1
39	475	1
39	476	1
39	507	1
39	518	1
39	553	1
39	576	1
39	578	1
39	605	1
39	611	1
40	41	10
40	44	1
40	50	1
40	53	1
40	55	1
40	58	1
40	65	2
40	68	1
40	70	3
40	79	2
40	81	6
40	82	1
40	108	1
40	128	1
40	129	1
40	145	1
40	153	1
40	167	1
40	186	1
40	198	1
40	202	1
40	221	1
40	244	1
40	247	1
40	249	2
40	253	1
40	279	1
40	283	2
40	297	1
40	340	1
40	397	3
40	504	1
40	646	1
41	46	1
41	48	1
41	59	1
41	63	1
41	79	1
41	81	4
41	86	1
41	94	2
41	105	1
41	106	1
41	120	1
41	128	1
41	129	1
41	133	1
41	143	1
41	151	1
41	155	4
41	165	5
41	181	1
41	186	2
41	188	1
41	190	1
41	233	1
41	234	1
41	247	1
41	249	2
41	279	1
41	283	1
41	340	1
41	351	1
41	362	1
41	397	2
41	421	1
41	431	1
41	459	1
41	482	1
41	499	1
41	504	1
41	580	1
41	593	1
41	616	1
42	43	2
42	47	1
42	51	1
42	52	1
42	56	1
42	59	1
42	65	1
42	67	2
42	83	1
42	84	1
42	85	1
42	89	7
42	107	1
42	110	2
42	115	1
42	122	1
42	123	1
42	127	1
42	129	1
42	132	1
42	134	3
42	136	2
42	139	1
42	142	2
42	156	1
42	174	1
42	176	1
42	178	1
42	200	3
42	211	1
42	213	1
42	222	1
42	237	1
42	253	1
42	260	2
42	270	2
42	289	1
42	309	1
42	315	1
42	330	1
42	338	2
42	361	1
42	362	1
42	377	1
42	411	1
42	416	1
42	423	1
42	424	1
42	432	1
42	496	1
42	505	1
42	533	1
42	555	1
42	590	1
43	44	1
43	47	4
43	50	1
43	56	2
43	60	2
43	62	1
43	65	3
43	66	1
43	67	1
43	69	3
43	84	3
43	123	2
43	126	2
43	128	1
43	137	1
43	139	1
43	142	1
43	163	1
43	171	1
43	202	1
43	213	1
43	232	2
43	236	1
43	238	1
43	239	1
43	263	3
43	289	1
43	301	2
43	320	1
43	328	1
43	334	1
43	345	1
43	355	1
43	370	1
43	376	1
43	381	1
43	401	1
43	427	1
43	436	2
43	448	1
43	467	1
43	501	1
43	509	1
43	553	1
43	565	2
43	575	1
43	583	1
43	602	1
43	603	1
43	607	2
43	636	1
44	47	3
44	48	1
44	50	1
44	54	1
44	55	1
44	65	1
44	67	1
44	69	1
44	72	1
44	77	1
44	86	1
44	88	1
44	93	1
44	95	1
44	103	1
44	105	1
44	109	1
44	114	1
44	130	2
44	134	1
44	140	1
44	162	1
44	167	1
44	173	1
44	176	1
44	196	1
44	230	1
44	241	1
44	253	1
44	259	1
44	266	2
44	282	1
44	309	1
44	335	1
44	402	4
44	435	1
44	444	1
44	453	1
44	475	1
44	482	1
44	519	1
44	641	1
45	57	2
45	58	1
45	59	1
45	61	1
45	63	1
45	76	2
45	78	1
45	92	2
45	101	3
45	103	1
45	125	1
45	139	2
45	147	1
45	157	1
45	171	1
45	174	1
45	178	1
45	183	1
45	204	1
45	231	2
45	236	1
45	326	1
45	359	1
45	367	1
45	393	1
45	403	1
45	414	1
45	430	1
45	463	1
45	487	1
45	496	2
45	582	1
45	592	3
45	596	1
45	627	3
45	638	1
46	47	1
46	48	1
46	57	2
46	81	1
46	86	1
46	98	1
46	100	1
46	111	1
46	129	1
46	131	1
46	166	1
46	168	1
46	176	1
46	193	1
46	207	1
46	210	1
46	215	1
46	228	1
46	233	1
46	235	1
46	242	1
46	244	1
46	255	1
46	269	1
46	282	1
46	316	1
46	354	1
46	381	1
46	388	1
46	409	1
46	433	1
46	455	1
46	461	1
46	521	1
46	528	1
46	574	1
46	578	1
46	585	1
46	595	1
46	606	1
46	610	1
46	617	1
46	621	1
46	622	1
47	50	1
47	52	1
47	57	1
47	59	1
47	60	1
47	62	1
47	67	1
47	69	1
47	80	1
47	84	2
47	85	3
47	88	1
47	113	1
47	122	1
47	125	2
47	134	1
47	136	2
47	140	1
47	142	1
47	163	1
47	184	1
47	191	1
47	192	1
47	195	1
47	229	2
47	233	1
47	239	1
47	282	3
47	283	1
47	288	1
47	301	1
47	320	1
47	328	1
47	341	1
47	361	1
47	396	1
47	424	1
47	436	1
47	474	1
47	517	1
47	518	1
47	519	1
47	524	1
47	533	1
47	578	1
47	636	1
48	50	1
48	51	1
48	52	1
48	53	1
48	59	1
48	67	2
48	79	1
48	80	1
48	84	2
48	85	2
48	87	1
48	88	1
48	95	1
48	96	1
48	100	1
48	113	1
48	121	1
48	123	1
48	124	1
48	126	1
48	133	1
48	136	2
48	140	1
48	155	2
48	156	1
48	165	1
48	166	1
48	179	1
48	182	1
48	184	2
48	193	1
48	207	1
48	211	3
48	234	1
48	239	1
48	244	1
48	247	1
48	297	1
48	300	1
48	311	1
48	318	1
48	323	1
48	324	1
48	380	1
48	489	2
48	524	1
48	549	1
49	63	3
49	69	1
49	71	2
49	78	1
49	92	1
49	97	1
49	103	1
49	105	1
49	164	1
49	170	2
49	183	2
49	196	1
49	224	2
49	251	1
49	254	1
49	256	1
49	263	2
49	274	1
49	290	1
49	297	1
49	302	1
49	363	1
49	368	1
49	374	2
49	383	1
49	400	1
49	439	1
49	441	1
49	485	1
49	490	1
49	523	1
49	539	1
49	543	2
49	599	1
50	69	1
50	70	1
50	110	1
50	154	1
50	158	2
50	194	1
50	196	1
50	202	1
50	203	1
50	213	2
50	237	1
50	257	1
50	265	1
50	273	1
50	282	1
50	293	1
50	297	1
50	390	1
50	394	1
50	396	1
50	427	1
50	456	1
50	460	1
50	498	1
50	505	1
50	510	1
50	521	1
50	527	1
50	568	2
50	621	1
50	638	1
50	642	1
51	54	1
51	71	2
51	94	1
51	98	3
51	100	1
51	110	1
51	112	1
51	118	5
51	127	1
51	131	1
51	151	1
51	152	1
51	153	1
51	161	2
51	167	1
51	168	1
51	179	1
51	190	1
51	211	1
51	214	2
51	231	1
51	239	1
51	258	2
51	313	1
51	339	1
51	361	1
51	387	1
51	389	1
51	395	1
51	423	1
51	425	1
51	438	1
51	579	2
51	590	1
51	615	1
51	616	1
51	640	1
52	56	1
52	67	2
52	69	2
52	80	1
52	95	2
52	111	1
52	113	2
52	121	2
52	122	1
52	123	1
52	126	1
52	132	1
52	134	1
52	156	3
52	189	1
52	191	1
52	201	1
52	207	1
52	211	1
52	218	1
52	282	1
52	285	1
52	309	1
52	314	1
52	324	3
52	328	1
52	343	2
52	379	3
52	386	1
52	418	2
52	422	1
52	461	1
52	489	4
52	500	1
52	519	1
52	546	2
52	583	1
52	603	1
53	71	1
53	73	1
53	78	1
53	79	1
53	88	1
53	97	1
53	110	1
53	112	1
53	117	2
53	125	1
53	133	1
53	145	1
53	160	1
53	164	1
53	176	1
53	178	1
53	179	1
53	192	1
53	199	1
53	203	1
53	216	1
53	227	1
53	251	1
53	252	1
53	296	2
53	297	1
53	299	1
53	325	1
53	327	1
53	363	1
53	383	1
53	386	1
53	393	1
53	394	1
53	397	1
53	414	3
53	468	1
53	471	1
53	535	1
53	537	1
53	549	1
53	574	1
53	575	1
53	591	1
53	634	1
53	635	1
54	55	2
54	56	1
54	60	1
54	64	1
54	71	1
54	87	1
54	106	1
54	109	1
54	133	1
54	135	1
54	138	1
54	149	1
54	154	1
54	156	1
54	160	1
54	170	1
54	171	1
54	183	1
54	197	1
54	205	1
54	216	1
54	222	1
54	246	1
54	259	2
54	262	1
54	274	1
54	279	1
54	299	1
54	304	1
54	311	1
54	321	1
54	364	1
54	382	1
54	535	1
54	575	1
54	594	1
55	60	1
55	70	1
55	71	1
55	75	3
55	82	1
55	90	2
55	105	1
55	161	1
55	167	1
55	182	1
55	203	1
55	209	1
55	274	1
55	279	1
55	284	1
55	303	1
55	321	1
55	329	1
55	400	1
55	407	1
55	420	1
55	446	1
55	481	1
55	483	1
55	497	1
55	510	1
55	516	1
55	577	1
55	614	1
55	632	1
56	66	1
56	67	1
56	76	1
56	85	2
56	89	1
56	97	1
56	100	1
56	110	1
56	111	3
56	113	2
56	115	1
56	132	1
56	178	1
56	184	3
56	185	1
56	194	1
56	198	1
56	200	1
56	205	2
56	213	1
56	236	2
56	239	2
56	241	1
56	261	1
56	319	1
56	345	2
56	371	1
56	382	1
56	384	1
56	501	1
56	532	1
56	535	1
56	570	1
56	581	1
56	588	1
56	603	1
56	604	5
56	611	1
56	643	1
57	74	1
57	94	1
57	101	1
57	111	1
57	117	1
57	126	1
57	131	2
57	139	3
57	174	8
57	177	1
57	212	1
57	231	2
57	240	1
57	294	1
57	311	1
57	325	1
57	367	1
57	375	1
57	389	1
57	418	1
57	472	1
57	506	1
57	517	1
57	528	1
57	555	1
57	557	1
58	60	2
58	61	1
58	70	4
58	71	2
58	75	1
58	78	1
58	82	1
58	105	1
58	112	1
58	144	1
58	147	1
58	196	1
58	226	1
58	246	3
58	277	1
58	304	1
58	353	1
58	374	1
58	390	1
58	393	2
58	441	1
58	450	1
58	451	1
58	463	4
58	481	1
58	487	3
58	499	1
58	572	1
59	61	1
59	62	1
59	68	1
59	69	1
59	71	1
59	78	5
59	80	6
59	84	1
59	85	1
59	90	1
59	92	1
59	94	2
59	100	1
59	105	1
59	106	4
59	113	1
59	119	1
59	124	5
59	128	1
59	132	1
59	136	1
59	147	2
59	151	2
59	172	1
59	181	3
59	183	1
59	189	3
59	199	1
59	202	1
59	209	3
59	210	2
59	214	1
59	219	2
59	244	1
59	245	3
59	247	1
59	261	1
59	265	2
59	279	2
59	288	1
59	299	1
59	306	2
59	307	2
59	313	2
59	326	1
59	350	1
59	364	1
59	369	1
59	376	1
59	380	2
59	381	2
59	405	1
59	419	1
59	423	1
59	430	1
59	448	1
59	456	1
59	480	1
59	482	1
59	501	1
59	514	1
59	528	1
59	529	2
59	531	1
59	532	1
59	550	1
59	555	1
59	571	1
59	573	2
59	599	1
59	621	1
59	638	1
60	61	3
60	67	1
60	71	1
60	82	1
60	85	1
60	89	1
60	94	1
60	102	1
60	122	1
60	127	1
60	150	1
60	158	1
60	159	2
60	195	2
60	228	1
60	254	1
60	353	2
60	364	1
60	370	1
60	371	1
60	429	1
60	437	1
60	493	1
60	494	1
60	501	1
60	515	1
60	565	1
60	619	1
61	78	1
61	99	1
61	106	1
61	116	1
61	128	1
61	129	1
61	153	2
61	154	1
61	157	2
61	199	1
61	216	1
61	219	1
61	250	1
61	257	1
61	272	2
61	289	2
61	303	2
61	319	1
61	332	1
61	342	1
61	357	1
61	362	1
61	381	1
61	384	2
61	386	1
61	388	1
61	438	1
61	450	1
61	460	1
61	464	1
61	565	1
61	574	1
61	576	1
61	607	1
62	67	1
62	72	2
62	78	1
62	86	1
62	91	1
62	100	1
62	106	1
62	111	1
62	115	1
62	122	3
62	125	1
62	126	1
62	131	1
62	134	2
62	137	1
62	138	1
62	142	2
62	155	1
62	164	1
62	181	1
62	193	1
62	213	1
62	218	1
62	260	1
62	263	1
62	276	1
62	337	1
62	361	1
62	382	1
62	424	1
62	432	1
62	436	1
62	467	1
62	472	1
62	506	1
62	557	1
62	636	1
62	642	1
63	70	3
63	78	1
63	87	1
63	105	1
63	109	3
63	112	1
63	133	1
63	159	5
63	170	1
63	171	1
63	226	1
63	242	1
63	254	1
63	257	1
63	263	1
63	268	1
63	273	1
63	296	1
63	353	1
63	363	1
63	368	1
63	414	1
63	439	1
63	451	1
63	490	1
63	531	1
63	539	1
63	543	1
63	578	1
64	66	1
64	70	1
64	74	1
64	93	1
64	97	1
64	119	1
64	126	1
64	129	1
64	130	2
64	132	1
64	150	1
64	160	1
64	161	1
64	162	1
64	176	1
64	182	1
64	195	1
64	196	3
64	224	1
64	230	1
64	238	1
64	253	1
64	257	2
64	265	2
64	276	1
64	277	1
64	318	1
64	348	1
64	363	1
64	373	1
64	431	1
64	434	1
64	446	1
64	466	2
64	507	1
64	562	1
64	603	1
64	608	1
64	637	1
65	68	1
65	75	1
65	76	1
65	81	1
65	83	1
65	89	1
65	98	1
65	108	2
65	111	2
65	119	1
65	123	1
65	126	1
65	136	1
65	156	1
65	176	1
65	193	1
65	215	1
65	220	1
65	253	1
65	301	1
65	337	1
65	341	1
65	343	1
65	361	1
65	372	1
65	382	1
65	411	1
65	432	1
65	442	1
65	467	1
65	521	1
65	522	1
65	544	1
65	545	1
65	627	1
66	69	1
66	78	1
66	94	1
66	96	1
66	97	1
66	132	1
66	140	1
66	148	2
66	173	1
66	186	1
66	189	1
66	191	1
66	221	1
66	223	1
66	228	1
66	230	2
66	245	1
66	276	1
66	302	1
66	319	1
66	344	1
66	363	1
66	370	1
66	372	1
66	381	1
66	386	1
66	410	1
66	412	1
66	427	1
66	467	1
66	532	2
66	540	1
66	562	1
66	575	1
66	576	1
66	604	1
66	607	2
67	69	1
67	85	2
67	88	1
67	89	1
67	94	1
67	95	1
67	113	1
67	124	1
67	134	2
67	136	3
67	137	2
67	150	1
67	163	1
67	171	1
67	184	1
67	191	1
67	194	1
67	205	1
67	213	1
67	237	1
67	270	1
67	294	1
67	314	1
67	379	1
67	504	1
67	547	1
67	570	1
68	83	6
68	96	1
68	131	1
68	132	1
68	143	6
68	150	1
68	167	1
68	214	1
68	233	1
68	237	1
68	240	1
68	248	1
68	250	1
68	257	1
68	269	1
68	295	1
68	332	1
68	362	1
68	403	1
68	419	1
68	465	1
68	467	1
68	520	1
68	551	1
68	563	1
68	636	1
68	641	1
68	646	1
69	76	1
69	80	2
69	87	1
69	88	1
69	94	1
69	95	1
69	100	1
69	108	1
69	125	2
69	163	1
69	168	1
69	171	2
69	176	1
69	189	2
69	324	1
69	370	1
69	379	2
69	386	1
69	394	1
69	395	1
69	429	1
69	438	1
69	456	1
69	500	1
69	512	1
69	521	1
69	543	1
69	568	1
69	590	1
69	599	1
69	602	2
69	622	1
70	77	1
70	82	2
70	93	1
70	109	3
70	159	2
70	176	1
70	189	1
70	219	1
70	223	2
70	228	1
70	257	1
70	277	2
70	393	1
70	463	1
70	539	2
70	566	1
71	78	1
71	105	1
71	112	3
71	117	1
71	170	2
71	214	1
71	224	1
71	227	1
71	240	1
71	245	1
71	268	1
71	275	1
71	290	1
71	353	1
71	364	2
71	378	1
71	381	1
71	394	1
71	414	1
71	462	1
71	531	1
72	102	1
72	138	1
72	153	1
72	195	1
72	241	1
72	296	1
72	304	1
72	315	1
72	316	2
72	321	1
72	332	1
72	375	1
72	396	1
72	425	1
72	431	1
72	458	1
72	573	1
73	75	4
73	82	2
73	90	1
73	103	1
73	109	1
73	144	2
73	152	2
73	154	1
73	160	1
73	172	1
73	265	1
73	277	1
73	294	1
73	317	1
73	357	1
73	367	1
73	380	1
73	381	1
73	383	1
73	401	1
73	430	1
73	447	1
73	449	1
73	452	1
73	454	2
73	455	1
73	495	1
73	508	1
73	545	1
73	613	3
73	631	1
73	632	1
73	634	1
73	639	1
73	644	1
74	106	1
74	129	1
74	144	2
74	147	1
74	153	1
74	161	1
74	174	1
74	187	1
74	188	1
74	190	1
74	196	1
74	204	1
74	210	1
74	216	1
74	236	1
74	248	1
74	279	1
74	281	1
74	294	1
74	307	1
74	329	1
74	331	1
74	391	1
74	447	1
74	473	2
74	477	1
74	484	1
74	506	1
74	555	1
74	560	1
74	600	1
75	90	2
75	109	1
75	119	2
75	152	1
75	166	1
75	182	1
75	187	1
75	203	3
75	225	1
75	226	1
75	227	1
75	248	1
75	269	1
75	317	1
75	357	1
75	359	1
75	380	1
75	381	1
75	415	1
75	451	1
75	454	1
75	455	1
75	483	1
75	562	1
75	613	2
75	614	1
76	84	1
76	85	1
76	96	1
76	102	1
76	104	1
76	123	2
76	132	1
76	137	1
76	139	2
76	141	1
76	168	1
76	177	1
76	184	1
76	201	1
76	211	1
76	232	1
76	241	2
76	280	1
76	289	1
76	297	1
76	309	1
76	314	1
76	343	1
76	371	1
76	385	1
76	387	1
76	437	1
76	470	1
76	472	1
76	474	1
76	496	2
76	555	1
76	590	1
76	602	1
76	605	2
76	627	2
77	82	1
77	86	1
77	93	1
77	103	1
77	108	1
77	114	2
77	122	1
77	130	1
77	148	1
77	162	1
77	204	2
77	253	1
77	254	1
77	277	1
77	292	2
77	350	1
77	378	1
77	504	1
77	570	1
78	80	3
78	91	1
78	92	1
78	100	1
78	106	4
78	112	1
78	114	1
78	124	1
78	128	1
78	138	1
78	145	1
78	147	5
78	172	2
78	179	1
78	181	3
78	183	1
78	189	2
78	209	1
78	210	1
78	216	3
78	242	1
78	245	3
78	246	1
78	252	1
78	279	3
78	299	1
78	319	1
78	326	1
78	349	1
78	350	1
78	364	1
78	374	1
78	381	1
78	386	1
78	391	1
78	405	1
78	430	2
78	448	1
78	464	1
78	531	1
78	535	1
78	553	1
78	605	1
78	607	1
78	624	1
78	638	1
79	83	1
79	111	2
79	120	1
79	140	1
79	153	1
79	155	1
79	225	3
79	227	1
79	280	2
79	284	1
79	301	1
79	329	1
79	461	1
79	470	1
79	488	1
79	530	1
79	602	1
80	84	1
80	86	2
80	92	1
80	94	1
80	100	1
80	105	1
80	124	7
80	138	1
80	141	1
80	151	2
80	185	1
80	189	2
80	210	1
80	248	1
80	252	1
80	307	1
80	313	1
80	318	1
80	324	1
80	333	1
80	342	1
80	350	1
80	357	2
80	366	1
80	376	1
80	379	2
80	380	2
80	386	1
80	399	1
80	405	1
80	514	1
80	529	1
80	531	1
80	569	1
81	108	2
81	121	1
81	129	1
81	141	1
81	145	2
81	155	2
81	160	1
81	167	1
81	197	1
81	249	1
81	305	1
81	316	1
81	340	1
81	346	1
81	350	1
81	399	1
81	455	1
82	83	1
82	90	1
82	144	5
82	188	2
82	254	1
82	256	1
82	277	1
82	287	1
82	304	2
82	327	1
82	351	1
82	449	1
82	633	1
83	129	1
83	131	1
83	174	1
83	179	1
83	181	1
83	233	1
83	248	1
83	294	1
83	362	1
83	403	1
83	505	1
83	547	1
83	551	1
83	612	1
83	639	1
84	122	1
84	123	1
84	125	1
84	127	1
84	133	1
84	135	1
84	138	1
84	141	1
84	247	1
84	263	1
84	314	1
84	318	1
84	367	1
84	416	1
84	436	1
84	506	1
84	580	1
84	636	1
85	94	1
85	111	1
85	113	1
85	122	1
85	136	4
85	142	1
85	156	1
85	168	1
85	178	1
85	184	4
85	205	2
85	211	1
85	315	1
85	337	1
85	369	2
85	422	1
85	424	1
85	517	1
85	563	1
85	604	1
86	92	1
86	93	1
86	97	1
86	106	1
86	110	1
86	114	1
86	124	1
86	130	1
86	147	1
86	162	1
86	173	1
86	181	1
86	185	1
86	213	1
86	216	1
86	222	1
86	248	1
86	299	1
86	310	1
86	318	1
86	339	1
86	357	1
86	366	4
86	407	1
86	421	1
86	472	1
86	491	1
86	552	1
86	557	1
86	569	1
87	93	2
87	96	2
87	129	1
87	171	3
87	175	3
87	189	1
87	192	1
87	207	1
87	224	1
87	340	2
87	357	1
87	363	1
87	368	1
87	402	2
87	428	1
87	431	1
87	507	1
87	569	1
87	607	1
87	618	1
87	625	1
88	110	1
88	132	1
88	146	1
88	178	1
88	183	1
88	221	1
88	288	1
88	420	1
88	493	1
88	504	1
88	557	1
88	561	1
88	641	1
89	102	1
89	110	2
89	113	1
89	134	1
89	142	1
89	145	1
89	200	1
89	205	1
89	237	3
89	260	2
89	270	3
89	341	1
89	361	1
89	369	1
89	422	1
90	94	1
90	135	1
90	143	1
90	151	2
90	160	1
90	161	1
90	166	1
90	172	1
90	209	1
90	210	1
90	222	1
90	225	1
90	230	1
90	265	1
90	275	1
90	287	1
90	298	1
90	300	1
90	306	1
90	313	2
90	406	1
90	430	1
90	481	1
90	577	1
90	614	3
90	639	1
91	106	1
91	128	1
91	172	1
91	199	2
91	278	8
91	344	1
91	391	1
91	411	1
91	415	2
91	492	1
91	525	1
91	617	1
92	97	1
92	101	1
92	112	1
92	119	1
92	120	1
92	128	1
92	148	1
92	171	1
92	175	1
92	182	1
92	219	1
92	221	1
92	256	1
92	351	1
92	408	1
92	433	1
92	531	1
92	596	1
92	597	1
92	626	1
93	96	1
93	130	6
93	176	2
93	195	1
93	196	2
93	220	1
93	347	2
93	402	4
93	421	1
93	468	1
94	100	2
94	106	1
94	124	1
94	129	1
94	131	1
94	151	5
94	153	1
94	166	1
94	190	1
94	209	1
94	210	1
94	283	2
94	306	1
94	307	1
94	313	2
94	376	1
94	379	1
94	386	1
94	431	1
94	456	1
94	459	1
94	480	1
94	488	1
94	507	1
94	528	1
94	532	1
94	550	2
94	593	1
95	116	2
95	118	1
95	134	2
95	140	1
95	168	1
95	179	1
95	180	1
95	191	1
95	194	1
95	201	2
95	208	1
95	212	1
95	229	1
95	301	1
95	314	1
95	323	7
95	325	1
95	416	2
95	422	1
95	438	1
95	500	1
95	519	1
95	555	1
95	595	1
95	620	1
96	100	1
96	105	1
96	110	1
96	112	1
96	129	1
96	132	1
96	137	1
96	143	1
96	149	1
96	158	1
96	175	1
96	180	1
96	220	1
96	286	1
96	308	4
96	355	1
96	370	1
96	402	1
96	407	1
96	409	5
96	423	1
96	424	1
96	426	1
96	505	1
96	550	1
96	646	1
97	110	1
97	149	1
97	164	2
97	192	1
97	220	1
97	221	1
97	244	1
97	276	1
97	299	1
97	351	1
97	363	1
97	366	1
97	437	1
97	512	1
97	526	1
97	535	1
97	638	1
98	118	3
98	127	1
98	152	5
98	240	1
98	242	1
98	255	1
98	280	1
98	281	1
98	335	1
98	339	1
98	454	1
98	457	1
98	579	1
99	157	1
99	264	2
99	303	1
99	331	1
99	541	2
99	548	1
99	596	1
100	106	1
100	114	1
100	153	1
100	181	1
100	190	1
100	197	1
100	241	1
100	303	1
100	340	1
100	376	1
100	447	1
100	550	1
100	584	2
100	617	1
100	621	1
101	127	1
101	143	1
101	149	1
101	150	1
101	158	3
101	207	1
101	215	1
101	223	1
101	236	1
101	322	1
101	500	1
101	574	1
102	106	1
102	123	1
102	147	1
102	153	1
102	165	1
102	171	1
102	182	1
102	214	1
102	221	1
102	243	1
102	261	1
102	266	1
102	282	1
102	299	1
102	334	1
102	378	1
102	408	1
102	429	1
102	494	1
102	512	1
102	568	1
102	575	1
103	161	1
103	182	1
103	183	1
103	257	1
103	293	1
103	403	1
103	445	1
103	493	1
103	572	2
103	593	1
104	157	1
104	285	1
104	372	1
104	385	1
104	481	1
104	495	1
105	112	1
105	124	1
105	133	1
105	140	2
105	151	1
105	210	1
105	232	1
105	263	1
105	302	1
105	307	1
105	313	1
105	326	1
105	351	1
105	354	1
105	364	1
105	377	1
105	380	1
105	390	1
105	401	1
105	450	1
105	469	1
105	529	1
106	119	1
106	147	4
106	154	1
106	160	1
106	181	2
106	182	1
106	189	1
106	190	1
106	210	1
106	214	1
106	216	6
106	219	1
106	256	1
106	265	1
106	279	1
106	287	1
106	294	1
106	306	1
106	307	1
106	366	1
106	386	1
106	405	1
106	420	1
106	464	1
106	528	1
106	532	1
106	534	1
106	553	1
106	575	1
106	605	1
106	624	1
107	115	2
107	116	1
107	124	1
107	128	1
107	143	1
107	152	1
107	199	1
107	201	1
107	212	2
107	224	1
107	263	1
107	316	1
107	336	3
107	344	1
107	356	1
107	380	1
107	382	1
107	405	1
107	562	1
107	611	1
108	151	1
108	176	1
108	215	1
108	268	1
108	293	1
108	305	1
108	357	1
108	398	1
108	408	1
108	433	1
108	468	1
108	598	1
109	151	1
109	159	2
109	169	1
109	188	1
109	197	1
109	313	1
109	328	1
109	367	1
109	373	1
109	426	2
109	455	1
109	475	1
109	550	1
110	136	2
110	192	1
110	238	1
110	266	1
110	270	1
110	285	1
110	308	1
110	315	1
110	319	1
110	339	1
110	361	1
110	409	1
110	457	1
110	521	1
110	579	1
111	113	1
111	140	1
111	184	1
111	185	1
111	236	1
111	244	1
111	280	1
111	291	1
111	343	1
111	423	1
111	452	1
111	461	1
111	471	1
111	474	1
111	594	1
111	604	1
112	114	1
112	133	1
112	175	1
112	181	1
112	189	1
112	206	1
112	214	1
112	242	1
112	254	2
112	364	1
112	430	1
112	490	1
113	121	1
113	123	1
113	200	1
113	205	2
113	211	1
113	218	1
113	231	2
113	237	1
113	405	1
113	422	1
113	501	1
114	122	1
114	148	1
114	149	1
114	157	1
114	162	2
114	181	1
114	189	1
114	259	2
114	292	4
114	303	1
114	305	1
114	309	1
114	430	1
114	444	1
114	552	1
114	570	1
114	572	1
114	577	2
114	626	1
114	629	2
115	120	1
115	155	1
115	201	1
115	218	1
115	250	2
115	281	1
115	336	2
115	522	1
115	598	1
115	613	1
116	118	3
116	124	2
116	127	1
116	131	1
116	137	1
116	138	1
116	141	1
116	180	1
116	201	1
116	234	2
116	261	1
116	272	2
116	286	1
116	303	1
116	308	1
116	311	1
116	323	2
116	379	1
116	380	2
116	459	1
116	500	1
116	555	1
117	131	1
117	221	1
117	227	1
117	228	1
117	267	1
117	276	1
117	404	1
117	450	1
117	453	1
117	499	1
117	527	1
117	564	1
118	127	2
118	180	1
118	255	1
118	258	2
118	290	1
118	365	1
118	459	1
118	546	1
118	590	1
119	225	1
119	245	1
119	287	3
119	293	1
119	294	1
119	299	1
119	306	2
119	307	1
119	359	1
119	420	1
119	621	1
119	624	1
120	126	1
120	149	1
120	201	3
120	215	1
120	250	1
120	433	1
120	460	1
120	566	1
121	167	1
121	198	1
121	207	1
121	210	1
121	218	1
121	239	2
121	271	1
121	297	1
121	325	1
121	339	1
121	366	1
121	379	1
121	381	1
121	387	1
121	389	1
121	471	1
121	502	1
121	574	1
121	583	1
121	645	1
122	123	1
122	134	2
122	136	2
122	148	1
122	158	1
122	168	1
122	191	1
122	248	1
122	262	1
122	316	1
122	319	1
122	333	1
122	489	1
122	570	1
122	571	1
122	625	1
123	136	1
123	163	1
123	177	1
123	213	1
123	218	2
123	309	1
123	315	1
123	372	1
123	417	1
123	479	1
123	489	1
123	590	1
123	605	1
123	615	1
124	138	1
124	151	3
124	161	1
124	201	1
124	209	1
124	210	1
124	234	1
124	252	1
124	260	1
124	288	1
124	307	1
124	308	1
124	313	2
124	318	1
124	350	1
124	357	1
124	366	1
124	376	1
124	379	2
124	380	6
124	488	1
124	507	1
124	529	1
124	569	1
124	571	1
125	178	1
125	193	1
125	213	1
125	314	1
125	341	2
125	394	1
125	395	1
125	401	1
125	446	1
125	474	1
125	480	1
125	508	1
125	570	1
126	131	1
126	155	1
126	158	1
126	176	1
126	207	1
126	231	1
126	234	1
126	301	1
126	446	1
126	470	1
126	495	1
126	602	1
126	603	1
127	138	1
127	141	1
127	250	1
127	332	1
127	492	1
127	494	1
127	527	1
127	590	2
128	133	1
128	147	1
128	148	1
128	172	4
128	191	1
128	199	1
128	203	1
128	210	1
128	253	1
128	266	1
128	298	1
128	338	1
128	381	1
128	391	4
128	421	1
129	130	1
129	139	1
129	145	1
129	158	1
129	174	1
129	210	1
129	250	1
129	332	1
129	333	1
129	342	1
129	505	2
129	560	1
129	582	1
129	583	1
129	595	1
130	176	1
130	196	1
130	312	1
130	347	1
130	402	2
130	468	1
130	507	1
131	137	1
131	139	2
131	146	1
131	151	1
131	155	1
131	174	2
131	223	1
131	282	1
131	313	1
131	403	1
131	511	1
131	551	1
131	556	1
131	557	1
131	579	1
131	594	1
131	610	1
132	158	1
132	200	1
132	265	1
132	318	1
132	343	1
132	372	1
132	417	1
132	423	1
132	424	1
132	472	1
132	555	1
132	561	1
132	562	2
132	636	1
132	641	1
133	148	2
133	183	1
133	220	2
133	232	1
133	253	1
133	261	1
133	266	2
133	326	2
133	400	1
133	428	3
133	511	2
133	523	1
133	537	1
134	168	1
134	191	1
134	194	1
134	201	1
134	212	1
134	290	1
134	323	2
134	416	2
134	422	1
134	506	1
134	533	2
134	570	1
134	595	1
134	610	1
134	618	1
135	143	1
135	154	1
135	183	1
135	208	1
135	222	2
135	228	1
135	305	1
135	314	1
135	464	2
135	506	1
135	540	1
135	559	1
135	571	1
135	580	1
135	623	1
135	636	1
136	137	1
136	156	1
136	168	1
136	184	1
136	194	1
136	200	1
136	205	1
136	211	1
136	238	1
136	315	2
136	328	1
136	369	1
136	372	1
136	422	1
136	511	1
136	563	1
137	184	1
137	286	3
137	301	1
137	313	1
137	470	1
137	478	1
137	507	1
137	544	1
137	553	1
137	556	1
137	557	1
137	594	1
138	164	1
138	197	1
138	214	1
138	234	2
138	252	1
138	267	2
138	272	5
138	360	1
138	559	1
139	174	2
139	311	2
139	320	1
139	365	1
139	418	1
139	424	1
139	462	1
139	465	1
139	496	3
139	618	1
139	627	2
140	191	1
140	194	1
140	212	1
140	280	1
140	317	1
140	321	1
140	328	1
140	353	2
140	377	2
140	423	1
140	457	1
140	469	1
140	485	1
140	602	1
141	193	1
141	237	1
141	314	1
141	333	1
141	335	1
141	342	6
141	492	1
141	514	1
141	612	3
142	200	2
142	213	1
142	237	1
142	263	1
142	332	1
142	341	1
142	410	1
142	424	1
142	467	1
142	471	1
142	544	1
142	615	1
143	188	1
143	224	1
143	240	1
143	250	1
143	295	1
143	314	1
143	355	1
143	356	1
143	481	1
143	505	1
143	550	1
143	571	1
144	153	2
144	188	2
144	190	1
144	243	1
144	254	1
144	291	1
144	304	3
144	338	1
144	406	1
144	408	1
144	447	1
144	449	1
144	477	1
145	206	1
145	262	1
145	318	1
145	394	1
146	172	1
146	229	1
146	297	1
146	341	1
146	391	1
146	398	1
146	450	1
146	511	1
146	584	1
147	172	1
147	181	2
147	182	1
147	183	1
147	189	2
147	210	2
147	216	3
147	245	3
147	246	2
147	279	1
147	307	1
147	326	1
147	366	1
147	391	1
147	398	1
147	405	1
147	430	1
147	431	1
147	575	1
147	593	1
147	624	1
147	638	1
148	171	1
148	221	1
148	251	1
148	252	1
148	276	1
148	428	2
148	511	2
148	570	1
148	585	1
149	150	2
149	157	1
149	173	1
149	183	1
149	208	1
149	220	2
149	304	1
149	322	1
149	363	1
149	407	1
149	426	1
149	435	1
149	437	1
149	626	1
150	183	1
150	202	1
150	214	1
150	237	1
150	240	1
150	501	1
151	153	1
151	161	1
151	166	1
151	189	1
151	209	1
151	210	1
151	265	1
151	307	2
151	313	7
151	328	1
151	357	2
151	376	1
151	380	1
151	431	1
151	529	1
151	550	1
152	255	1
152	294	1
152	316	1
152	318	1
152	336	1
152	454	3
152	613	1
152	645	1
153	165	1
153	190	2
153	283	1
153	313	1
153	558	1
154	160	2
154	169	1
154	195	1
154	265	1
154	464	1
154	621	1
155	165	2
155	169	1
155	177	1
155	184	1
155	197	1
155	252	1
155	265	1
155	336	1
155	455	1
155	602	1
156	198	1
156	211	2
156	255	1
156	260	1
156	309	1
156	335	1
156	422	1
156	603	1
157	182	1
157	226	1
157	246	2
157	274	1
157	302	1
157	322	1
157	440	1
157	499	1
157	626	1
158	207	1
158	223	1
158	234	1
158	254	1
158	469	1
158	505	2
158	511	1
158	574	1
159	273	1
159	440	1
159	526	2
160	220	1
160	221	1
160	305	1
160	340	1
160	350	1
160	414	1
160	632	1
161	167	1
161	179	1
161	196	1
161	209	1
161	215	1
161	240	1
161	274	1
161	298	1
162	230	1
162	312	3
162	434	1
162	444	1
162	481	1
162	486	1
162	513	1
162	542	2
162	548	3
163	171	1
163	178	1
163	193	1
163	200	1
163	285	1
163	362	1
163	369	1
163	437	1
163	496	1
163	524	1
164	165	1
164	167	1
164	199	2
164	214	1
164	244	1
164	263	1
164	286	1
164	512	1
164	630	1
165	167	1
165	190	1
165	194	1
165	250	1
166	202	1
166	269	1
166	313	1
166	496	1
166	553	1
167	179	1
167	185	1
167	202	1
167	214	1
167	219	1
167	228	1
167	274	1
167	296	1
167	335	1
167	390	1
167	395	1
167	425	1
167	437	1
167	439	1
167	519	1
167	640	1
168	194	1
168	212	1
168	323	1
168	416	1
168	454	1
168	500	1
168	502	1
168	564	1
168	627	1
169	170	1
169	183	1
169	209	1
169	217	1
169	262	1
169	265	1
169	408	1
169	430	1
169	569	1
170	178	1
170	183	1
170	208	1
170	224	1
170	226	1
170	299	1
170	334	1
170	426	1
170	439	1
170	638	1
171	175	1
171	207	1
171	252	1
171	262	1
171	319	1
171	428	1
171	429	1
171	512	1
171	569	1
171	618	1
172	181	1
172	209	1
172	210	2
172	279	1
172	306	1
172	391	5
172	582	1
172	631	1
172	632	1
173	208	1
173	445	1
173	482	1
173	540	1
174	231	1
174	325	1
174	367	1
174	389	1
174	401	1
174	472	1
174	505	1
174	556	1
175	320	1
175	340	1
175	364	1
175	428	2
175	507	1
175	569	1
176	210	1
176	253	1
176	347	1
176	446	1
176	468	1
176	603	1
176	621	1
176	622	1
177	218	1
177	260	1
177	309	1
177	605	1
177	642	1
178	191	1
178	198	1
178	200	1
178	232	1
178	248	1
178	345	1
178	533	1
178	604	1
179	208	1
179	221	1
179	279	1
179	323	1
179	339	1
179	346	1
179	395	1
179	425	1
179	449	1
179	530	1
179	549	1
179	620	1
179	639	1
179	640	1
180	202	1
180	223	1
180	266	1
180	323	1
180	346	1
180	405	1
180	409	1
180	459	1
180	469	1
180	494	1
180	503	1
180	621	1
181	189	1
181	216	1
181	244	1
181	245	1
181	246	1
181	279	1
181	366	1
181	430	1
181	431	1
181	482	1
181	612	1
182	196	1
182	293	1
182	321	1
182	536	1
182	575	1
182	591	2
182	594	1
183	208	1
183	221	1
183	296	1
183	304	1
183	326	2
183	430	1
183	638	1
184	194	1
184	200	1
184	229	1
184	271	1
184	422	1
184	563	1
184	604	1
185	248	1
185	275	1
185	395	1
185	413	1
185	437	1
185	581	1
186	302	1
186	456	1
186	515	1
187	338	1
187	395	1
187	483	1
187	587	2
187	623	1
187	639	2
188	243	1
188	291	1
188	338	1
188	373	1
188	426	1
188	447	1
188	477	3
189	210	1
189	219	1
189	245	2
189	247	1
189	265	3
189	279	1
189	307	1
189	319	1
189	324	1
189	340	1
189	357	1
189	368	1
189	379	2
189	386	1
189	398	1
189	430	1
189	431	1
189	607	2
189	611	1
190	250	1
190	255	1
190	300	1
190	307	1
190	389	1
191	198	1
191	248	1
191	314	1
191	352	1
191	533	1
192	244	1
192	247	1
192	320	1
192	334	1
192	490	1
193	194	1
193	200	1
193	285	1
193	286	1
193	342	1
193	369	1
193	381	1
193	382	1
193	456	1
193	474	1
193	492	1
193	521	1
193	574	1
193	612	1
194	205	1
194	212	1
194	323	1
194	377	1
194	416	1
194	423	1
195	196	1
195	228	1
195	251	1
195	254	1
195	335	1
195	394	1
195	412	1
195	525	1
195	618	1
195	620	1
196	220	1
196	302	1
196	402	1
196	444	1
197	282	1
197	455	1
197	538	1
198	248	1
198	348	1
198	349	1
198	366	1
198	389	1
198	401	1
198	507	1
198	536	1
198	604	1
199	278	2
199	318	1
199	381	1
199	397	1
199	573	1
199	630	1
200	218	1
200	237	1
200	260	1
200	285	1
200	344	1
200	579	1
201	323	1
201	343	1
201	380	1
201	387	1
201	422	1
201	474	1
201	595	1
201	617	1
202	214	1
202	301	1
202	405	1
202	509	1
202	519	1
202	529	1
202	532	1
202	575	1
202	621	1
202	642	1
203	209	1
203	210	1
203	291	1
203	306	1
203	327	1
203	415	1
203	430	1
203	483	1
204	235	1
204	335	1
204	403	1
204	443	2
204	493	1
204	536	1
204	600	1
205	211	1
205	270	1
205	382	1
205	422	1
206	262	2
206	279	1
206	280	1
206	363	1
206	459	1
206	535	1
207	223	1
207	238	1
207	249	1
207	409	1
207	583	1
207	585	1
207	618	1
208	221	1
208	223	1
208	252	1
208	348	1
208	363	1
208	438	1
208	471	1
208	536	1
208	540	1
209	210	3
209	245	1
209	265	1
209	275	1
209	279	1
209	283	1
209	306	4
209	307	1
209	430	2
209	448	1
210	216	1
210	245	1
210	247	1
210	265	1
210	275	1
210	279	1
210	297	1
210	306	3
210	307	2
210	313	1
210	380	1
210	381	1
210	391	1
210	430	1
210	529	1
210	574	1
210	611	1
210	621	1
210	622	1
211	231	1
211	271	1
211	280	1
211	309	2
211	436	1
211	489	1
212	258	1
212	315	1
212	323	1
212	344	1
212	382	1
212	387	1
212	416	1
212	562	1
212	602	1
212	611	1
213	280	1
213	518	1
213	615	1
214	237	1
214	244	1
214	256	1
214	261	1
214	405	1
214	519	1
214	528	1
215	322	1
215	373	1
215	460	1
215	610	1
216	219	1
216	222	1
216	242	1
216	279	2
216	299	1
216	307	1
216	366	1
216	386	2
216	433	1
216	464	1
216	506	1
216	535	1
216	553	1
216	605	1
217	552	1
218	417	1
218	438	1
218	503	1
218	580	1
218	590	1
219	222	1
219	228	1
219	242	2
219	249	1
219	265	1
219	279	1
219	386	1
219	388	1
219	390	1
219	433	1
219	497	1
220	232	1
220	407	1
220	426	1
220	435	1
220	523	1
220	577	1
221	267	1
221	340	1
221	351	1
221	549	1
221	564	1
222	242	1
222	247	1
222	298	1
222	310	1
222	386	1
222	433	1
222	491	1
222	546	1
223	268	1
223	322	1
223	420	1
223	540	1
224	227	1
224	238	1
224	356	1
224	360	1
224	490	1
224	633	1
224	637	1
225	300	1
225	317	1
225	384	1
225	406	3
225	480	1
225	530	1
225	614	1
226	262	1
226	273	1
226	378	1
226	410	1
226	451	3
226	499	1
226	539	1
227	235	1
227	394	1
227	475	1
228	254	2
228	388	1
228	390	1
228	413	1
228	463	1
228	515	1
229	314	1
229	325	2
229	586	2
230	259	1
230	482	1
231	367	1
231	391	1
231	547	1
231	567	1
232	354	1
232	401	2
232	605	1
233	283	1
233	349	1
233	373	1
233	497	1
233	508	1
233	578	1
234	272	1
234	280	1
234	308	1
234	324	1
234	360	1
234	379	1
234	380	1
235	331	1
235	435	2
235	443	1
235	526	1
235	606	1
236	239	1
236	341	1
236	345	1
236	432	1
236	603	1
237	342	1
237	369	1
237	432	1
237	612	1
238	372	1
238	422	1
238	436	1
238	475	1
238	509	1
238	637	1
239	387	1
239	396	1
239	603	1
239	615	1
239	616	1
240	281	1
240	295	1
240	349	1
240	392	1
240	501	1
240	558	1
241	271	1
241	343	1
241	371	1
241	470	1
241	555	1
242	289	1
242	386	1
242	433	1
243	244	1
243	291	1
243	338	2
243	408	1
243	473	2
244	299	1
244	390	1
244	452	1
245	265	1
245	275	1
245	299	1
245	306	2
245	307	1
245	319	1
245	364	1
245	381	1
245	593	1
245	595	1
245	607	1
245	621	1
246	262	1
246	326	1
246	364	1
246	431	1
246	597	1
247	298	1
247	318	1
247	333	1
247	384	1
247	504	1
247	573	1
247	599	1
247	611	2
248	558	1
248	562	1
249	397	1
249	582	1
250	332	1
250	342	1
250	458	1
251	275	1
251	354	1
251	394	1
251	534	1
251	537	1
252	267	1
252	358	1
252	363	1
252	514	1
253	266	1
253	275	1
253	291	1
253	305	1
253	348	3
253	378	1
253	601	1
254	485	1
255	365	1
256	296	1
256	352	1
256	405	1
256	440	1
256	599	1
257	269	1
257	444	1
257	578	1
258	276	1
258	385	1
258	442	1
259	435	1
259	444	1
260	296	1
260	436	1
260	642	2
261	287	1
261	319	1
261	334	1
261	371	1
261	456	1
261	528	1
262	273	1
262	319	1
262	364	1
262	459	1
263	336	1
263	467	1
264	541	1
265	275	1
265	279	1
265	306	1
265	307	1
265	318	1
265	430	1
265	431	1
265	562	1
265	621	1
266	402	1
266	490	1
267	272	2
267	276	2
267	467	1
267	479	1
267	514	1
267	564	1
268	274	1
268	646	1
269	272	1
269	392	1
269	538	1
270	361	1
270	562	1
271	309	1
271	343	1
271	615	1
272	303	2
272	438	1
273	300	1
273	310	2
273	393	1
273	459	1
273	460	1
274	275	1
274	441	1
274	499	1
274	543	1
275	306	1
275	534	1
275	543	1
275	633	1
276	363	1
276	424	1
276	467	1
277	291	1
277	495	2
277	609	1
277	641	1
278	415	1
278	492	1
279	307	1
279	448	1
280	309	1
280	361	1
280	372	1
281	330	1
281	357	1
281	404	1
281	430	1
281	449	1
281	522	1
281	620	1
282	326	1
282	519	1
282	567	1
282	635	1
283	306	1
283	410	1
284	306	1
284	356	1
284	455	1
284	516	2
285	344	1
285	369	1
285	372	1
285	461	1
285	524	1
286	478	1
287	294	1
287	306	1
287	321	1
287	420	1
287	624	1
288	339	1
288	411	3
288	427	1
288	483	1
288	571	1
288	580	1
288	623	1
289	297	1
289	498	1
289	576	1
290	331	1
290	374	1
290	531	1
290	625	1
291	305	1
291	338	1
291	447	1
291	601	1
292	350	1
292	504	1
292	577	2
292	637	1
293	359	1
293	398	1
293	408	1
293	479	1
294	306	1
294	420	1
294	454	1
294	483	1
294	523	1
294	624	1
295	332	1
295	336	1
295	345	1
295	410	1
295	583	1
296	325	1
296	352	1
296	375	1
296	439	1
296	471	1
296	635	1
296	642	1
297	381	1
297	441	1
297	574	1
297	586	1
298	338	1
298	446	1
298	609	1
299	306	1
299	307	1
299	310	1
299	378	1
299	386	1
299	535	1
299	565	1
299	621	1
300	406	1
300	614	1
301	438	1
301	470	2
301	484	1
301	488	1
301	509	1
301	517	1
301	518	1
303	416	1
303	438	1
303	632	1
304	321	1
304	406	1
304	440	1
305	350	1
305	433	1
305	464	2
305	540	1
305	572	1
305	601	1
306	307	2
306	420	1
306	430	1
306	621	1
306	624	1
307	313	1
307	380	1
307	529	1
307	621	1
308	379	1
308	380	1
308	381	1
308	409	3
308	452	3
308	519	1
309	315	1
309	413	1
309	422	1
309	603	1
309	615	1
310	387	1
311	418	1
311	419	1
311	462	1
311	520	1
312	548	2
312	626	1
313	328	1
313	376	1
313	380	1
313	529	1
313	550	1
313	556	1
313	557	1
313	594	1
314	348	1
314	473	1
314	586	1
315	371	1
315	377	1
316	336	1
316	503	1
316	526	1
317	321	1
317	378	1
318	357	1
318	366	1
318	396	1
318	529	1
318	562	1
318	569	1
319	371	1
319	384	1
319	484	1
319	565	1
319	607	1
319	625	1
322	420	1
323	416	1
323	422	1
323	555	1
323	595	1
323	620	1
324	379	1
324	386	1
324	418	2
324	644	1
325	371	1
325	471	1
325	524	1
325	635	1
326	430	1
326	635	1
326	638	1
327	331	1
327	406	1
327	420	1
327	483	1
328	352	1
328	457	1
328	511	1
328	533	1
328	550	1
329	420	1
329	433	1
330	349	1
330	357	1
330	430	1
331	526	1
332	342	1
332	345	1
332	410	1
333	335	1
333	337	1
333	342	1
333	387	1
333	571	1
333	582	1
334	370	1
334	501	1
334	620	1
334	632	1
334	638	1
335	387	1
335	412	1
337	356	1
337	382	2
337	467	2
337	505	1
338	397	1
339	579	1
339	580	1
339	645	1
340	357	1
340	368	1
340	431	1
340	507	1
340	607	1
341	345	1
341	432	1
341	520	1
342	492	1
342	514	1
342	612	4
343	361	1
343	423	1
343	594	1
344	382	1
344	412	1
344	579	1
344	628	1
345	432	1
345	604	1
346	530	1
347	481	1
347	486	1
347	594	1
348	349	1
348	363	1
348	401	1
348	473	1
348	536	1
349	350	1
349	401	1
349	508	3
350	443	1
350	504	1
351	451	1
351	633	1
352	436	1
352	533	1
352	563	1
353	364	1
353	370	1
353	485	2
354	401	1
355	382	1
355	469	1
355	550	1
355	589	1
355	607	1
356	385	1
356	442	1
356	455	1
356	488	1
356	514	1
356	592	1
357	366	1
357	368	1
357	380	1
357	381	1
357	384	1
357	386	1
357	430	1
357	431	1
357	569	1
357	574	1
357	607	2
357	613	1
359	554	1
360	409	1
360	465	1
360	530	1
361	438	1
363	536	1
364	381	1
364	490	1
365	440	1
365	465	1
365	501	1
366	389	1
366	418	1
366	421	1
366	569	1
367	449	1
367	545	1
367	639	1
368	404	2
368	431	1
368	453	2
368	607	1
370	371	1
370	501	2
370	510	1
371	377	1
371	555	1
372	562	1
372	586	1
373	426	1
373	608	1
375	585	1
375	619	1
376	619	1
377	411	1
377	423	1
377	458	1
377	570	1
377	603	1
378	534	1
378	633	1
378	643	1
379	380	1
379	386	1
380	381	1
380	529	1
380	613	1
381	452	1
381	521	1
381	574	2
381	575	1
381	607	1
381	613	1
383	610	1
383	634	1
384	386	1
384	565	1
384	574	1
384	607	1
384	611	1
385	442	3
385	518	1
386	433	1
386	532	2
386	535	1
386	574	1
386	607	1
387	471	1
387	474	1
387	615	1
387	616	1
389	628	1
389	645	2
390	450	1
392	559	1
392	637	1
393	463	2
393	487	2
393	560	1
395	425	1
395	483	1
395	623	1
395	640	1
396	529	1
397	472	1
397	573	1
397	619	1
399	520	1
400	428	1
401	446	1
401	480	1
401	508	2
401	632	1
403	551	1
404	453	2
405	501	1
405	509	1
405	615	1
405	621	1
405	624	1
406	614	1
407	426	1
407	466	1
408	479	1
409	423	1
409	585	1
410	500	1
411	492	1
411	521	1
412	476	2
412	597	2
413	418	1
413	515	1
415	608	1
416	502	1
416	533	1
417	418	1
418	584	1
419	426	1
419	457	2
419	462	2
419	556	1
420	624	1
421	566	1
422	563	1
422	595	1
422	603	1
423	555	1
423	594	1
424	470	1
424	496	1
425	431	1
425	640	1
426	445	1
427	467	1
428	511	2
428	569	1
429	512	4
430	638	1
431	529	1
431	607	1
432	627	1
435	444	1
436	509	1
436	583	1
439	599	1
441	499	1
442	503	1
443	536	1
444	513	2
446	480	1
446	483	1
446	508	1
446	603	1
447	456	1
447	468	1
447	477	1
447	637	1
449	606	1
450	499	1
451	539	1
452	519	1
452	613	1
454	613	1
456	468	1
456	515	1
457	462	2
457	556	1
457	581	1
459	593	1
460	469	1
462	505	1
462	540	1
462	556	1
463	487	3
464	540	1
465	478	1
465	619	1
466	486	1
466	513	1
466	542	1
467	505	1
468	480	1
470	488	1
470	520	1
471	544	1
471	578	1
471	635	1
472	557	1
472	619	1
474	533	1
476	597	2
476	629	1
476	631	1
478	619	1
479	623	1
480	508	1
480	550	1
483	623	2
484	517	1
484	555	1
485	608	1
486	513	2
486	542	2
486	548	1
486	620	1
486	623	1
487	606	1
488	507	1
491	495	1
491	629	1
492	612	1
496	627	2
497	609	1
498	531	1
498	532	1
498	616	1
500	564	1
503	517	1
503	526	1
504	512	1
506	555	1
506	580	1
506	636	1
509	615	1
513	542	2
513	548	1
513	559	1
514	592	1
514	612	1
518	580	1
518	616	1
521	574	1
523	634	1
525	618	1
525	620	1
528	573	1
529	532	1
531	554	1
532	604	1
534	633	1
535	594	1
536	591	1
539	543	1
539	566	1
541	596	1
541	626	1
542	548	1
543	599	1
545	639	1
547	567	3
551	552	1
553	605	1
556	557	1
556	581	1
556	594	1
557	594	1
561	589	4
562	611	1
564	635	1
566	630	1
570	610	1
573	599	1
574	575	1
574	591	1
574	607	1
575	591	1
575	607	1
575	642	1
577	614	1
579	645	1
580	616	1
580	636	1
584	621	1
586	622	1
587	639	2
590	602	1
596	626	1
604	611	1
615	616	1
618	620	1
620	623	1
621	622	1
631	632	1
636	641	1
